0.00 0.300
0.02 0.300
0.04 0.300
0.06 0.300
0.08 0.300
0.10 0.300
0.12 0.300
0.14 0.300
0.16 0.300
0.18 0.300
0.20 0.300
0.22 0.300
0.24 0.300
0.26 0.300
0.28 0.300
0.30 0.300
0.32 0.300
0.34 0.300
0.36 0.300
0.38 0.300
0.40 0.300
0.42 0.300
0.44 0.300
0.46 0.300
0.48 0.300
0.50 0.300
0.52 0.300
0.54 0.300
0.56 0.300
0.58 0.300
0.60 0.300
0.62 0.300
0.64 0.300
0.66 0.300
0.68 0.300
0.70 0.300
0.72 0.300
0.74 0.300
0.76 0.300
0.78 0.300
0.80 0.300
0.82 0.300
0.84 0.300
0.86 0.300
0.88 0.300
0.90 0.300
0.92 0.300
0.94 0.300
0.96 0.300
0.98 0.300
1.00 0.300
1.02 0.300
1.04 0.300
1.06 0.300
1.08 0.300
1.10 0.300
1.12 0.300
1.14 0.300
1.16 0.300
1.18 0.300
1.20 0.300
1.22 0.300
1.24 0.300
1.26 0.300
1.28 0.300
1.30 0.300
1.32 0.300
1.34 0.300
1.36 0.300
1.38 0.300
1.40 0.300
1.42 0.300
1.44 0.300
1.46 0.300
1.48 0.300
1.50 0.300
1.52 0.300
1.54 0.300
1.56 0.300
1.58 0.300
1.60 0.300
1.62 0.300
1.64 0.300
1.66 0.300
1.68 0.300
1.70 0.300
1.72 0.300
1.74 0.300
1.76 0.300
1.78 0.300
1.80 0.300
1.82 0.300
1.84 0.300
1.86 0.300
1.88 0.300
1.90 0.300
1.92 0.300
1.94 0.300
1.96 0.300
1.98 0.300
2.00 0.300
2.02 0.300
2.04 0.300
2.06 0.300
2.08 0.300
2.10 0.300
2.12 0.300
2.14 0.300
2.16 0.300
2.18 0.300
2.20 0.300
2.22 0.300
2.24 0.300
2.26 0.300
2.28 0.300
2.30 0.300
2.32 0.300
2.34 0.300
2.36 0.300
2.38 0.300
2.40 0.300
2.42 0.300
2.44 0.300
2.46 0.300
2.48 0.300
2.50 0.300
2.52 0.300
2.54 0.300
2.56 0.300
2.58 0.300
2.60 0.300
2.62 0.300
2.64 0.300
2.66 0.300
2.68 0.300
2.70 0.300
2.72 0.300
2.74 0.300
2.76 0.300
2.78 0.300
2.80 0.300
2.82 0.300
2.84 0.300
2.86 0.300
2.88 0.300
2.90 0.300
2.92 0.300
2.94 0.300
2.96 0.300
2.98 0.300
3.00 0.300
3.02 0.300
3.04 0.300
3.06 0.300
3.08 0.300
3.10 0.300
3.12 0.300
3.14 0.300
3.16 0.300
3.18 0.300
3.20 0.300
3.22 0.300
3.24 0.300
3.26 0.300
3.28 0.300
3.30 0.300
3.32 0.300
3.34 0.300
3.36 0.300
3.38 0.300
3.40 0.300
3.42 0.300
3.44 0.300
3.46 0.300
3.48 0.300
3.50 0.300
3.52 0.300
3.54 0.300
3.56 0.300
3.58 0.300
3.60 0.300
3.62 0.300
3.64 0.300
3.66 0.300
3.68 0.300
3.70 0.300
3.72 0.300
3.74 0.300
3.76 0.300
3.78 0.300
3.80 0.300
3.82 0.300
3.84 0.300
3.86 0.300
3.88 0.300
3.90 0.300
3.92 0.300
3.94 0.300
3.96 0.300
3.98 0.300
4.00 0.300
4.02 0.300
4.04 0.300
4.06 0.300
4.08 0.300
4.10 0.300
4.12 0.300
4.14 0.300
4.16 0.300
4.18 0.300
4.20 0.300
4.22 0.300
4.24 0.300
4.26 0.300
4.28 0.300
4.30 0.300
4.32 0.300
4.34 0.300
4.36 0.300
4.38 0.300
4.40 0.300
4.42 0.300
4.44 0.300
4.46 0.300
4.48 0.300
4.50 0.300
4.52 0.300
4.54 0.300
4.56 0.300
4.58 0.300
4.60 0.300
4.62 0.300
4.64 0.300
4.66 0.300
4.68 0.300
4.70 0.300
4.72 0.300
4.74 0.300
4.76 0.300
4.78 0.300
4.80 0.300
4.82 0.300
4.84 0.300
4.86 0.300
4.88 0.300
4.90 0.300
4.92 0.300
4.94 0.300
4.96 0.300
4.98 0.300
5.00 0.300
5.02 0.300
5.04 0.300
5.06 0.300
5.08 0.300
5.10 0.300
5.12 0.300
5.14 0.300
5.16 0.300
5.18 0.300
5.20 0.300
5.22 0.300
5.24 0.300
5.26 0.300
5.28 0.300
5.30 0.300
5.32 0.300
5.34 0.300
5.36 0.300
5.38 0.300
5.40 0.300
5.42 0.300
5.44 0.300
5.46 0.300
5.48 0.300
5.50 0.300
5.52 0.300
5.54 0.300
5.56 0.300
5.58 0.300
5.60 0.300
5.62 0.300
5.64 0.300
5.66 0.300
5.68 0.300
5.70 0.300
5.72 0.300
5.74 0.300
5.76 0.300
5.78 0.300
5.80 0.300
5.82 0.300
5.84 0.300
5.86 0.300
5.88 0.300
5.90 0.300
5.92 0.300
5.94 0.300
5.96 0.300
5.98 0.300
6.00 0.300
6.02 0.300
6.04 0.300
6.06 0.300
6.08 0.300
6.10 0.300
6.12 0.300
6.14 0.300
6.16 0.300
6.18 0.300
6.20 0.300
6.22 0.300
6.24 0.300
6.26 0.300
6.28 0.300
6.30 0.300
6.32 0.300
6.34 0.300
6.36 0.300
6.38 0.300
6.40 0.300
6.42 0.300
6.44 0.300
6.46 0.300
6.48 0.300
6.50 0.300
6.52 0.300
6.54 0.300
6.56 0.300
6.58 0.300
6.60 0.300
6.62 0.300
6.64 0.300
6.66 0.300
6.68 0.300
6.70 0.300
6.72 0.300
6.74 0.300
6.76 0.300
6.78 0.300
6.80 0.300
6.82 0.300
6.84 0.300
6.86 0.300
6.88 0.300
6.90 0.300
6.92 0.300
6.94 0.300
6.96 0.300
6.98 0.300
7.00 0.300
7.02 0.300
7.04 0.300
7.06 0.300
7.08 0.300
7.10 0.300
7.12 0.300
7.14 0.300
7.16 0.300
7.18 0.300
7.20 0.300
7.22 0.300
7.24 0.300
7.26 0.300
7.28 0.300
7.30 0.300
7.32 0.300
7.34 0.300
7.36 0.300
7.38 0.300
7.40 0.300
7.42 0.300
7.44 0.300
7.46 0.300
7.48 0.300
7.50 0.300
7.52 0.300
7.54 0.300
7.56 0.300
7.58 0.300
7.60 0.300
7.62 0.300
7.64 0.300
7.66 0.300
7.68 0.300
7.70 0.300
7.72 0.300
7.74 0.300
7.76 0.300
7.78 0.300
7.80 0.300
7.82 0.300
7.84 0.300
7.86 0.300
7.88 0.300
7.90 0.300
7.92 0.300
7.94 0.300
7.96 0.300
7.98 0.300
8.00 0.300
8.02 0.300
8.04 0.300
8.06 0.300
8.08 0.300
8.10 0.300
8.12 0.300
8.14 0.300
8.16 0.300
8.18 0.300
8.20 0.300
8.22 0.300
8.24 0.300
8.26 0.300
8.28 0.300
8.30 0.300
8.32 0.300
8.34 0.300
8.36 0.300
8.38 0.300
8.40 0.300
8.42 0.300
8.44 0.300
8.46 0.300
8.48 0.300
8.50 0.300
8.52 0.300
8.54 0.300
8.56 0.300
8.58 0.300
8.60 0.300
8.62 0.300
8.64 0.300
8.66 0.300
8.68 0.300
8.70 0.300
8.72 0.300
8.74 0.300
8.76 0.300
8.78 0.300
8.80 0.300
8.82 0.300
8.84 0.300
8.86 0.300
8.88 0.300
8.90 0.300
8.92 0.300
8.94 0.300
8.96 0.300
8.98 0.300
9.00 0.300
9.02 0.300
9.04 0.300
9.06 0.300
9.08 0.300
9.10 0.300
9.12 0.300
9.14 0.300
9.16 0.300
9.18 0.300
9.20 0.300
9.22 0.300
9.24 0.300
9.26 0.300
9.28 0.300
9.30 0.300
9.32 0.300
9.34 0.300
9.36 0.300
9.38 0.300
9.40 0.300
9.42 0.300
9.44 0.300
9.46 0.300
9.48 0.300
9.50 0.300
9.52 0.300
9.54 0.300
9.56 0.300
9.58 0.300
9.60 0.300
9.62 0.300
9.64 0.300
9.66 0.300
9.68 0.300
9.70 0.300
9.72 0.300
9.74 0.300
9.76 0.300
9.78 0.300
9.80 0.300
9.82 0.300
9.84 0.300
9.86 0.300
9.88 0.300
9.90 0.300
9.92 0.300
9.94 0.300
9.96 0.300
9.98 0.300
10.00 0.300
10.02 0.300
10.04 0.300
10.06 0.300
10.08 0.300
10.10 0.300
10.12 0.300
10.14 0.300
10.16 0.300
10.18 0.300
10.20 0.300
10.22 0.300
10.24 0.300
10.26 0.300
10.28 0.300
10.30 0.300
10.32 0.300
10.34 0.300
10.36 0.300
10.38 0.300
10.40 0.300
10.42 0.300
10.44 0.300
10.46 0.300
10.48 0.300
10.50 0.300
10.52 0.300
10.54 0.300
10.56 0.300
10.58 0.300
10.60 0.300
10.62 0.300
10.64 0.300
10.66 0.300
10.68 0.300
10.70 0.300
10.72 0.300
10.74 0.300
10.76 0.300
10.78 0.300
10.80 0.300
10.82 0.300
10.84 0.300
10.86 0.300
10.88 0.300
10.90 0.300
10.92 0.300
10.94 0.300
10.96 0.300
10.98 0.300
11.00 0.300
11.02 0.300
11.04 0.300
11.06 0.300
11.08 0.300
11.10 0.300
11.12 0.300
11.14 0.300
11.16 0.300
11.18 0.300
11.20 0.300
11.22 0.300
11.24 0.300
11.26 0.300
11.28 0.300
11.30 0.300
11.32 0.300
11.34 0.300
11.36 0.300
11.38 0.300
11.40 0.300
11.42 0.300
11.44 0.300
11.46 0.300
11.48 0.300
11.50 0.300
11.52 0.300
11.54 0.300
11.56 0.300
11.58 0.300
11.60 0.300
11.62 0.300
11.64 0.300
11.66 0.300
11.68 0.300
11.70 0.300
11.72 0.300
11.74 0.300
11.76 0.300
11.78 0.300
11.80 0.300
11.82 0.300
11.84 0.300
11.86 0.300
11.88 0.300
11.90 0.300
11.92 0.300
11.94 0.300
11.96 0.300
11.98 0.300
12.00 0.300
12.02 0.300
12.04 0.300
12.06 0.300
12.08 0.300
12.10 0.300
12.12 0.300
12.14 0.300
12.16 0.300
12.18 0.300
12.20 0.300
12.22 0.300
12.24 0.300
12.26 0.300
12.28 0.300
12.30 0.300
12.32 0.300
12.34 0.300
12.36 0.300
12.38 0.300
12.40 0.300
12.42 0.300
12.44 0.300
12.46 0.300
12.48 0.300
12.50 0.300
12.52 0.300
12.54 0.300
12.56 0.300
12.58 0.300
12.60 0.300
12.62 0.300
12.64 0.300
12.66 0.300
12.68 0.300
12.70 0.300
12.72 0.300
12.74 0.300
12.76 0.300
12.78 0.300
12.80 0.300
12.82 0.300
12.84 0.300
12.86 0.300
12.88 0.300
12.90 0.300
12.92 0.300
12.94 0.300
12.96 0.300
12.98 0.300
13.00 0.300
13.02 0.300
13.04 0.300
13.06 0.300
13.08 0.300
13.10 0.300
13.12 0.300
13.14 0.300
13.16 0.300
13.18 0.300
13.20 0.300
13.22 0.300
13.24 0.300
13.26 0.300
13.28 0.300
13.30 0.300
13.32 0.300
13.34 0.300
13.36 0.300
13.38 0.300
13.40 0.300
13.42 0.300
13.44 0.300
13.46 0.300
13.48 0.300
13.50 0.300
13.52 0.300
13.54 0.300
13.56 0.300
13.58 0.300
13.60 0.300
13.62 0.300
13.64 0.300
13.66 0.300
13.68 0.300
13.70 0.300
13.72 0.300
13.74 0.300
13.76 0.300
13.78 0.300
13.80 0.300
13.82 0.300
13.84 0.300
13.86 0.300
13.88 0.300
13.90 0.300
13.92 0.300
13.94 0.300
13.96 0.300
13.98 0.300
14.00 0.300
14.02 0.300
14.04 0.300
14.06 0.300
14.08 0.300
14.10 0.300
14.12 0.300
14.14 0.300
14.16 0.300
14.18 0.300
14.20 0.300
14.22 0.300
14.24 0.300
14.26 0.300
14.28 0.300
14.30 0.300
14.32 0.300
14.34 0.300
14.36 0.300
14.38 0.300
14.40 0.300
14.42 0.300
14.44 0.300
14.46 0.300
14.48 0.300
14.50 0.300
14.52 0.300
14.54 0.300
14.56 0.300
14.58 0.300
14.60 0.300
14.62 0.300
14.64 0.300
14.66 0.300
14.68 0.300
14.70 0.300
14.72 0.300
14.74 0.300
14.76 0.300
14.78 0.300
14.80 0.300
14.82 0.300
14.84 0.300
14.86 0.300
14.88 0.300
14.90 0.300
14.92 0.300
14.94 0.300
14.96 0.300
14.98 0.300
15.00 0.850
15.02 0.850
15.04 0.850
15.06 0.850
15.08 0.850
15.10 0.850
15.12 0.850
15.14 0.850
15.16 0.850
15.18 0.850
15.20 0.850
15.22 0.850
15.24 0.850
15.26 0.850
15.28 0.850
15.30 0.850
15.32 0.850
15.34 0.850
15.36 0.850
15.38 0.850
15.40 0.850
15.42 0.850
15.44 0.850
15.46 0.850
15.48 0.850
15.50 0.850
15.52 0.850
15.54 0.850
15.56 0.850
15.58 0.850
15.60 0.850
15.62 0.850
15.64 0.850
15.66 0.850
15.68 0.850
15.70 0.850
15.72 0.850
15.74 0.850
15.76 0.850
15.78 0.850
15.80 0.850
15.82 0.850
15.84 0.850
15.86 0.850
15.88 0.850
15.90 0.850
15.92 0.850
15.94 0.850
15.96 0.850
15.98 0.850
16.00 0.850
16.02 0.850
16.04 0.850
16.06 0.850
16.08 0.850
16.10 0.850
16.12 0.850
16.14 0.850
16.16 0.850
16.18 0.850
16.20 0.850
16.22 0.850
16.24 0.850
16.26 0.850
16.28 0.850
16.30 0.850
16.32 0.850
16.34 0.850
16.36 0.850
16.38 0.850
16.40 0.850
16.42 0.850
16.44 0.850
16.46 0.850
16.48 0.850
16.50 0.850
16.52 0.850
16.54 0.850
16.56 0.850
16.58 0.850
16.60 0.850
16.62 0.850
16.64 0.850
16.66 0.850
16.68 0.850
16.70 0.850
16.72 0.850
16.74 0.850
16.76 0.850
16.78 0.850
16.80 0.850
16.82 0.850
16.84 0.850
16.86 0.850
16.88 0.850
16.90 0.850
16.92 0.850
16.94 0.850
16.96 0.850
16.98 0.850
17.00 0.850
17.02 0.850
17.04 0.850
17.06 0.850
17.08 0.850
17.10 0.850
17.12 0.850
17.14 0.850
17.16 0.850
17.18 0.850
17.20 0.850
17.22 0.850
17.24 0.850
17.26 0.850
17.28 0.850
17.30 0.850
17.32 0.850
17.34 0.850
17.36 0.850
17.38 0.850
17.40 0.850
17.42 0.850
17.44 0.850
17.46 0.850
17.48 0.850
17.50 0.850
17.52 0.850
17.54 0.850
17.56 0.850
17.58 0.850
17.60 0.850
17.62 0.850
17.64 0.850
17.66 0.850
17.68 0.850
17.70 0.850
17.72 0.850
17.74 0.850
17.76 0.850
17.78 0.850
17.80 0.850
17.82 0.850
17.84 0.850
17.86 0.850
17.88 0.850
17.90 0.850
17.92 0.850
17.94 0.850
17.96 0.850
17.98 0.850
18.00 0.850
18.02 0.850
18.04 0.850
18.06 0.850
18.08 0.850
18.10 0.850
18.12 0.850
18.14 0.850
18.16 0.850
18.18 0.850
18.20 0.850
18.22 0.850
18.24 0.850
18.26 0.850
18.28 0.850
18.30 0.850
18.32 0.850
18.34 0.850
18.36 0.850
18.38 0.850
18.40 0.850
18.42 0.850
18.44 0.850
18.46 0.850
18.48 0.850
18.50 0.850
18.52 0.850
18.54 0.850
18.56 0.850
18.58 0.850
18.60 0.850
18.62 0.850
18.64 0.850
18.66 0.850
18.68 0.850
18.70 0.850
18.72 0.850
18.74 0.850
18.76 0.850
18.78 0.850
18.80 0.850
18.82 0.850
18.84 0.850
18.86 0.850
18.88 0.850
18.90 0.850
18.92 0.850
18.94 0.850
18.96 0.850
18.98 0.850
19.00 0.850
19.02 0.850
19.04 0.850
19.06 0.850
19.08 0.850
19.10 0.850
19.12 0.850
19.14 0.850
19.16 0.850
19.18 0.850
19.20 0.850
19.22 0.850
19.24 0.850
19.26 0.850
19.28 0.850
19.30 0.850
19.32 0.850
19.34 0.850
19.36 0.850
19.38 0.850
19.40 0.850
19.42 0.850
19.44 0.850
19.46 0.850
19.48 0.850
19.50 0.850
19.52 0.850
19.54 0.850
19.56 0.850
19.58 0.850
19.60 0.850
19.62 0.850
19.64 0.850
19.66 0.850
19.68 0.850
19.70 0.850
19.72 0.850
19.74 0.850
19.76 0.850
19.78 0.850
19.80 0.850
19.82 0.850
19.84 0.850
19.86 0.850
19.88 0.850
19.90 0.850
19.92 0.850
19.94 0.850
19.96 0.850
19.98 0.850
20.00 0.850
20.02 0.850
20.04 0.850
20.06 0.850
20.08 0.850
20.10 0.850
20.12 0.850
20.14 0.850
20.16 0.850
20.18 0.850
20.20 0.850
20.22 0.850
20.24 0.850
20.26 0.850
20.28 0.850
20.30 0.850
20.32 0.850
20.34 0.850
20.36 0.850
20.38 0.850
20.40 0.850
20.42 0.850
20.44 0.850
20.46 0.850
20.48 0.850
20.50 0.850
20.52 0.850
20.54 0.850
20.56 0.850
20.58 0.850
20.60 0.850
20.62 0.850
20.64 0.850
20.66 0.850
20.68 0.850
20.70 0.850
20.72 0.850
20.74 0.850
20.76 0.850
20.78 0.850
20.80 0.850
20.82 0.850
20.84 0.850
20.86 0.850
20.88 0.850
20.90 0.850
20.92 0.850
20.94 0.850
20.96 0.850
20.98 0.850
21.00 0.850
21.02 0.850
21.04 0.850
21.06 0.850
21.08 0.850
21.10 0.850
21.12 0.850
21.14 0.850
21.16 0.850
21.18 0.850
21.20 0.850
21.22 0.850
21.24 0.850
21.26 0.850
21.28 0.850
21.30 0.850
21.32 0.850
21.34 0.850
21.36 0.850
21.38 0.850
21.40 0.850
21.42 0.850
21.44 0.850
21.46 0.850
21.48 0.850
21.50 0.850
21.52 0.850
21.54 0.850
21.56 0.850
21.58 0.850
21.60 0.850
21.62 0.850
21.64 0.850
21.66 0.850
21.68 0.850
21.70 0.850
21.72 0.850
21.74 0.850
21.76 0.850
21.78 0.850
21.80 0.850
21.82 0.850
21.84 0.850
21.86 0.850
21.88 0.850
21.90 0.850
21.92 0.850
21.94 0.850
21.96 0.850
21.98 0.850
22.00 0.850
22.02 0.850
22.04 0.850
22.06 0.850
22.08 0.850
22.10 0.850
22.12 0.850
22.14 0.850
22.16 0.850
22.18 0.850
22.20 0.850
22.22 0.850
22.24 0.850
22.26 0.850
22.28 0.850
22.30 0.850
22.32 0.850
22.34 0.850
22.36 0.850
22.38 0.850
22.40 0.850
22.42 0.850
22.44 0.850
22.46 0.850
22.48 0.850
22.50 0.850
22.52 0.850
22.54 0.850
22.56 0.850
22.58 0.850
22.60 0.850
22.62 0.850
22.64 0.850
22.66 0.850
22.68 0.850
22.70 0.850
22.72 0.850
22.74 0.850
22.76 0.850
22.78 0.850
22.80 0.850
22.82 0.850
22.84 0.850
22.86 0.850
22.88 0.850
22.90 0.850
22.92 0.850
22.94 0.850
22.96 0.850
22.98 0.850
23.00 0.850
23.02 0.850
23.04 0.850
23.06 0.850
23.08 0.850
23.10 0.850
23.12 0.850
23.14 0.850
23.16 0.850
23.18 0.850
23.20 0.850
23.22 0.850
23.24 0.850
23.26 0.850
23.28 0.850
23.30 0.850
23.32 0.850
23.34 0.850
23.36 0.850
23.38 0.850
23.40 0.850
23.42 0.850
23.44 0.850
23.46 0.850
23.48 0.850
23.50 0.850
23.52 0.850
23.54 0.850
23.56 0.850
23.58 0.850
23.60 0.850
23.62 0.850
23.64 0.850
23.66 0.850
23.68 0.850
23.70 0.850
23.72 0.850
23.74 0.850
23.76 0.850
23.78 0.850
23.80 0.850
23.82 0.850
23.84 0.850
23.86 0.850
23.88 0.850
23.90 0.850
23.92 0.850
23.94 0.850
23.96 0.850
23.98 0.850
24.00 0.850
24.02 0.850
24.04 0.850
24.06 0.850
24.08 0.850
24.10 0.850
24.12 0.850
24.14 0.850
24.16 0.850
24.18 0.850
24.20 0.850
24.22 0.850
24.24 0.850
24.26 0.850
24.28 0.850
24.30 0.850
24.32 0.850
24.34 0.850
24.36 0.850
24.38 0.850
24.40 0.850
24.42 0.850
24.44 0.850
24.46 0.850
24.48 0.850
24.50 0.850
24.52 0.850
24.54 0.850
24.56 0.850
24.58 0.850
24.60 0.850
24.62 0.850
24.64 0.850
24.66 0.850
24.68 0.850
24.70 0.850
24.72 0.850
24.74 0.850
24.76 0.850
24.78 0.850
24.80 0.850
24.82 0.850
24.84 0.850
24.86 0.850
24.88 0.850
24.90 0.850
24.92 0.850
24.94 0.850
24.96 0.850
24.98 0.850
25.00 0.850
25.02 0.300
25.04 0.300
25.06 0.300
25.08 0.300
25.10 0.300
25.12 0.300
25.14 0.300
25.16 0.300
25.18 0.300
25.20 0.300
25.22 0.300
25.24 0.300
25.26 0.300
25.28 0.300
25.30 0.300
25.32 0.300
25.34 0.300
25.36 0.300
25.38 0.300
25.40 0.300
25.42 0.300
25.44 0.300
25.46 0.300
25.48 0.300
25.50 0.300
25.52 0.300
25.54 0.300
25.56 0.300
25.58 0.300
25.60 0.300
25.62 0.300
25.64 0.300
25.66 0.300
25.68 0.300
25.70 0.300
25.72 0.300
25.74 0.300
25.76 0.300
25.78 0.300
25.80 0.300
25.82 0.300
25.84 0.300
25.86 0.300
25.88 0.300
25.90 0.300
25.92 0.300
25.94 0.300
25.96 0.300
25.98 0.300
26.00 0.300
26.02 0.300
26.04 0.300
26.06 0.300
26.08 0.300
26.10 0.300
26.12 0.300
26.14 0.300
26.16 0.300
26.18 0.300
26.20 0.300
26.22 0.300
26.24 0.300
26.26 0.300
26.28 0.300
26.30 0.300
26.32 0.300
26.34 0.300
26.36 0.300
26.38 0.300
26.40 0.300
26.42 0.300
26.44 0.300
26.46 0.300
26.48 0.300
26.50 0.300
26.52 0.300
26.54 0.300
26.56 0.300
26.58 0.300
26.60 0.300
26.62 0.300
26.64 0.300
26.66 0.300
26.68 0.300
26.70 0.300
26.72 0.300
26.74 0.300
26.76 0.300
26.78 0.300
26.80 0.300
26.82 0.300
26.84 0.300
26.86 0.300
26.88 0.300
26.90 0.300
26.92 0.300
26.94 0.300
26.96 0.300
26.98 0.300
27.00 0.300
27.02 0.300
27.04 0.300
27.06 0.300
27.08 0.300
27.10 0.300
27.12 0.300
27.14 0.300
27.16 0.300
27.18 0.300
27.20 0.300
27.22 0.300
27.24 0.300
27.26 0.300
27.28 0.300
27.30 0.300
27.32 0.300
27.34 0.300
27.36 0.300
27.38 0.300
27.40 0.300
27.42 0.300
27.44 0.300
27.46 0.300
27.48 0.300
27.50 0.300
27.52 0.300
27.54 0.300
27.56 0.300
27.58 0.300
27.60 0.300
27.62 0.300
27.64 0.300
27.66 0.300
27.68 0.300
27.70 0.300
27.72 0.300
27.74 0.300
27.76 0.300
27.78 0.300
27.80 0.300
27.82 0.300
27.84 0.300
27.86 0.300
27.88 0.300
27.90 0.300
27.92 0.300
27.94 0.300
27.96 0.300
27.98 0.300
28.00 0.300
28.02 0.300
28.04 0.300
28.06 0.300
28.08 0.300
28.10 0.300
28.12 0.300
28.14 0.300
28.16 0.300
28.18 0.300
28.20 0.300
28.22 0.300
28.24 0.300
28.26 0.300
28.28 0.300
28.30 0.300
28.32 0.300
28.34 0.300
28.36 0.300
28.38 0.300
28.40 0.300
28.42 0.300
28.44 0.300
28.46 0.300
28.48 0.300
28.50 0.300
28.52 0.300
28.54 0.300
28.56 0.300
28.58 0.300
28.60 0.300
28.62 0.300
28.64 0.300
28.66 0.300
28.68 0.300
28.70 0.300
28.72 0.300
28.74 0.300
28.76 0.300
28.78 0.300
28.80 0.300
28.82 0.300
28.84 0.300
28.86 0.300
28.88 0.300
28.90 0.300
28.92 0.300
28.94 0.300
28.96 0.300
28.98 0.300
29.00 0.300
29.02 0.300
29.04 0.300
29.06 0.300
29.08 0.300
29.10 0.300
29.12 0.300
29.14 0.300
29.16 0.300
29.18 0.300
29.20 0.300
29.22 0.300
29.24 0.300
29.26 0.300
29.28 0.300
29.30 0.300
29.32 0.300
29.34 0.300
29.36 0.300
29.38 0.300
29.40 0.300
29.42 0.300
29.44 0.300
29.46 0.300
29.48 0.300
29.50 0.300
29.52 0.300
29.54 0.300
29.56 0.300
29.58 0.300
29.60 0.300
29.62 0.300
29.64 0.300
29.66 0.300
29.68 0.300
29.70 0.300
29.72 0.300
29.74 0.300
29.76 0.300
29.78 0.300
29.80 0.300
29.82 0.300
29.84 0.300
29.86 0.300
29.88 0.300
29.90 0.300
29.92 0.300
29.94 0.300
29.96 0.300
29.98 0.300
30.00 0.850
30.02 0.850
30.04 0.850
30.06 0.850
30.08 0.850
30.10 0.850
30.12 0.850
30.14 0.850
30.16 0.850
30.18 0.850
30.20 0.850
30.22 0.850
30.24 0.850
30.26 0.850
30.28 0.850
30.30 0.850
30.32 0.850
30.34 0.850
30.36 0.850
30.38 0.850
30.40 0.850
30.42 0.850
30.44 0.850
30.46 0.850
30.48 0.850
30.50 0.850
30.52 0.850
30.54 0.850
30.56 0.850
30.58 0.850
30.60 0.850
30.62 0.850
30.64 0.850
30.66 0.850
30.68 0.850
30.70 0.850
30.72 0.850
30.74 0.850
30.76 0.850
30.78 0.850
30.80 0.850
30.82 0.850
30.84 0.850
30.86 0.850
30.88 0.850
30.90 0.850
30.92 0.850
30.94 0.850
30.96 0.850
30.98 0.850
31.00 0.850
31.02 0.850
31.04 0.850
31.06 0.850
31.08 0.850
31.10 0.850
31.12 0.850
31.14 0.850
31.16 0.850
31.18 0.850
31.20 0.850
31.22 0.850
31.24 0.850
31.26 0.850
31.28 0.850
31.30 0.850
31.32 0.850
31.34 0.850
31.36 0.850
31.38 0.850
31.40 0.850
31.42 0.850
31.44 0.850
31.46 0.850
31.48 0.850
31.50 0.850
31.52 0.850
31.54 0.850
31.56 0.850
31.58 0.850
31.60 0.850
31.62 0.850
31.64 0.850
31.66 0.850
31.68 0.850
31.70 0.850
31.72 0.850
31.74 0.850
31.76 0.850
31.78 0.850
31.80 0.850
31.82 0.850
31.84 0.850
31.86 0.850
31.88 0.850
31.90 0.850
31.92 0.850
31.94 0.850
31.96 0.850
31.98 0.850
32.00 0.850
32.02 0.850
32.04 0.850
32.06 0.850
32.08 0.850
32.10 0.850
32.12 0.850
32.14 0.850
32.16 0.850
32.18 0.850
32.20 0.850
32.22 0.850
32.24 0.850
32.26 0.850
32.28 0.850
32.30 0.850
32.32 0.850
32.34 0.850
32.36 0.850
32.38 0.850
32.40 0.850
32.42 0.850
32.44 0.850
32.46 0.850
32.48 0.850
32.50 0.850
32.52 0.850
32.54 0.850
32.56 0.850
32.58 0.850
32.60 0.850
32.62 0.850
32.64 0.850
32.66 0.850
32.68 0.850
32.70 0.850
32.72 0.850
32.74 0.850
32.76 0.850
32.78 0.850
32.80 0.850
32.82 0.850
32.84 0.850
32.86 0.850
32.88 0.850
32.90 0.850
32.92 0.850
32.94 0.850
32.96 0.850
32.98 0.850
33.00 0.850
33.02 0.850
33.04 0.850
33.06 0.850
33.08 0.850
33.10 0.850
33.12 0.850
33.14 0.850
33.16 0.850
33.18 0.850
33.20 0.850
33.22 0.850
33.24 0.850
33.26 0.850
33.28 0.850
33.30 0.850
33.32 0.850
33.34 0.850
33.36 0.850
33.38 0.850
33.40 0.850
33.42 0.850
33.44 0.850
33.46 0.850
33.48 0.850
33.50 0.850
33.52 0.850
33.54 0.850
33.56 0.850
33.58 0.850
33.60 0.850
33.62 0.850
33.64 0.850
33.66 0.850
33.68 0.850
33.70 0.850
33.72 0.850
33.74 0.850
33.76 0.850
33.78 0.850
33.80 0.850
33.82 0.850
33.84 0.850
33.86 0.850
33.88 0.850
33.90 0.850
33.92 0.850
33.94 0.850
33.96 0.850
33.98 0.850
34.00 0.850
34.02 0.850
34.04 0.850
34.06 0.850
34.08 0.850
34.10 0.850
34.12 0.850
34.14 0.850
34.16 0.850
34.18 0.850
34.20 0.850
34.22 0.850
34.24 0.850
34.26 0.850
34.28 0.850
34.30 0.850
34.32 0.850
34.34 0.850
34.36 0.850
34.38 0.850
34.40 0.850
34.42 0.850
34.44 0.850
34.46 0.850
34.48 0.850
34.50 0.850
34.52 0.850
34.54 0.850
34.56 0.850
34.58 0.850
34.60 0.850
34.62 0.850
34.64 0.850
34.66 0.850
34.68 0.850
34.70 0.850
34.72 0.850
34.74 0.850
34.76 0.850
34.78 0.850
34.80 0.850
34.82 0.850
34.84 0.850
34.86 0.850
34.88 0.850
34.90 0.850
34.92 0.850
34.94 0.850
34.96 0.850
34.98 0.850
35.00 0.850
35.02 0.850
35.04 0.850
35.06 0.850
35.08 0.850
35.10 0.850
35.12 0.850
35.14 0.850
35.16 0.850
35.18 0.850
35.20 0.850
35.22 0.850
35.24 0.850
35.26 0.850
35.28 0.850
35.30 0.850
35.32 0.850
35.34 0.850
35.36 0.850
35.38 0.850
35.40 0.850
35.42 0.850
35.44 0.850
35.46 0.850
35.48 0.850
35.50 0.850
35.52 0.850
35.54 0.850
35.56 0.850
35.58 0.850
35.60 0.850
35.62 0.850
35.64 0.850
35.66 0.850
35.68 0.850
35.70 0.850
35.72 0.850
35.74 0.850
35.76 0.850
35.78 0.850
35.80 0.850
35.82 0.850
35.84 0.850
35.86 0.850
35.88 0.850
35.90 0.850
35.92 0.850
35.94 0.850
35.96 0.850
35.98 0.850
36.00 0.850
36.02 0.850
36.04 0.850
36.06 0.850
36.08 0.850
36.10 0.850
36.12 0.850
36.14 0.850
36.16 0.850
36.18 0.850
36.20 0.850
36.22 0.850
36.24 0.850
36.26 0.850
36.28 0.850
36.30 0.850
36.32 0.850
36.34 0.850
36.36 0.850
36.38 0.850
36.40 0.850
36.42 0.850
36.44 0.850
36.46 0.850
36.48 0.850
36.50 0.850
36.52 0.850
36.54 0.850
36.56 0.850
36.58 0.850
36.60 0.850
36.62 0.850
36.64 0.850
36.66 0.850
36.68 0.850
36.70 0.850
36.72 0.850
36.74 0.850
36.76 0.850
36.78 0.850
36.80 0.850
36.82 0.850
36.84 0.850
36.86 0.850
36.88 0.850
36.90 0.850
36.92 0.850
36.94 0.850
36.96 0.850
36.98 0.850
37.00 0.850
37.02 0.850
37.04 0.850
37.06 0.850
37.08 0.850
37.10 0.850
37.12 0.850
37.14 0.850
37.16 0.850
37.18 0.850
37.20 0.850
37.22 0.850
37.24 0.850
37.26 0.850
37.28 0.850
37.30 0.850
37.32 0.850
37.34 0.850
37.36 0.850
37.38 0.850
37.40 0.850
37.42 0.850
37.44 0.850
37.46 0.850
37.48 0.850
37.50 0.850
37.52 0.850
37.54 0.850
37.56 0.850
37.58 0.850
37.60 0.850
37.62 0.850
37.64 0.850
37.66 0.850
37.68 0.850
37.70 0.850
37.72 0.850
37.74 0.850
37.76 0.850
37.78 0.850
37.80 0.850
37.82 0.850
37.84 0.850
37.86 0.850
37.88 0.850
37.90 0.850
37.92 0.850
37.94 0.850
37.96 0.850
37.98 0.850
38.00 0.850
38.02 0.850
38.04 0.850
38.06 0.850
38.08 0.850
38.10 0.850
38.12 0.850
38.14 0.850
38.16 0.850
38.18 0.850
38.20 0.850
38.22 0.850
38.24 0.850
38.26 0.850
38.28 0.850
38.30 0.850
38.32 0.850
38.34 0.850
38.36 0.850
38.38 0.850
38.40 0.850
38.42 0.850
38.44 0.850
38.46 0.850
38.48 0.850
38.50 0.850
38.52 0.850
38.54 0.850
38.56 0.850
38.58 0.850
38.60 0.850
38.62 0.850
38.64 0.850
38.66 0.850
38.68 0.850
38.70 0.850
38.72 0.850
38.74 0.850
38.76 0.850
38.78 0.850
38.80 0.850
38.82 0.850
38.84 0.850
38.86 0.850
38.88 0.850
38.90 0.850
38.92 0.850
38.94 0.850
38.96 0.850
38.98 0.850
39.00 0.850
39.02 0.850
39.04 0.850
39.06 0.850
39.08 0.850
39.10 0.850
39.12 0.850
39.14 0.850
39.16 0.850
39.18 0.850
39.20 0.850
39.22 0.850
39.24 0.850
39.26 0.850
39.28 0.850
39.30 0.850
39.32 0.850
39.34 0.850
39.36 0.850
39.38 0.850
39.40 0.850
39.42 0.850
39.44 0.850
39.46 0.850
39.48 0.850
39.50 0.850
39.52 0.850
39.54 0.850
39.56 0.850
39.58 0.850
39.60 0.850
39.62 0.850
39.64 0.850
39.66 0.850
39.68 0.850
39.70 0.850
39.72 0.850
39.74 0.850
39.76 0.850
39.78 0.850
39.80 0.850
39.82 0.850
39.84 0.850
39.86 0.850
39.88 0.850
39.90 0.850
39.92 0.850
39.94 0.850
39.96 0.850
39.98 0.850
40.00 0.850
40.02 0.300
40.04 0.300
40.06 0.300
40.08 0.300
40.10 0.300
40.12 0.300
40.14 0.300
40.16 0.300
40.18 0.300
40.20 0.300
40.22 0.300
40.24 0.300
40.26 0.300
40.28 0.300
40.30 0.300
40.32 0.300
40.34 0.300
40.36 0.300
40.38 0.300
40.40 0.300
40.42 0.300
40.44 0.300
40.46 0.300
40.48 0.300
40.50 0.300
40.52 0.300
40.54 0.300
40.56 0.300
40.58 0.300
40.60 0.300
40.62 0.300
40.64 0.300
40.66 0.300
40.68 0.300
40.70 0.300
40.72 0.300
40.74 0.300
40.76 0.300
40.78 0.300
40.80 0.300
40.82 0.300
40.84 0.300
40.86 0.300
40.88 0.300
40.90 0.300
40.92 0.300
40.94 0.300
40.96 0.300
40.98 0.300
41.00 0.300
41.02 0.300
41.04 0.300
41.06 0.300
41.08 0.300
41.10 0.300
41.12 0.300
41.14 0.300
41.16 0.300
41.18 0.300
41.20 0.300
41.22 0.300
41.24 0.300
41.26 0.300
41.28 0.300
41.30 0.300
41.32 0.300
41.34 0.300
41.36 0.300
41.38 0.300
41.40 0.300
41.42 0.300
41.44 0.300
41.46 0.300
41.48 0.300
41.50 0.300
41.52 0.300
41.54 0.300
41.56 0.300
41.58 0.300
41.60 0.300
41.62 0.300
41.64 0.300
41.66 0.300
41.68 0.300
41.70 0.300
41.72 0.300
41.74 0.300
41.76 0.300
41.78 0.300
41.80 0.300
41.82 0.300
41.84 0.300
41.86 0.300
41.88 0.300
41.90 0.300
41.92 0.300
41.94 0.300
41.96 0.300
41.98 0.300
42.00 0.300
42.02 0.300
42.04 0.300
42.06 0.300
42.08 0.300
42.10 0.300
42.12 0.300
42.14 0.300
42.16 0.300
42.18 0.300
42.20 0.300
42.22 0.300
42.24 0.300
42.26 0.300
42.28 0.300
42.30 0.300
42.32 0.300
42.34 0.300
42.36 0.300
42.38 0.300
42.40 0.300
42.42 0.300
42.44 0.300
42.46 0.300
42.48 0.300
42.50 0.300
42.52 0.300
42.54 0.300
42.56 0.300
42.58 0.300
42.60 0.300
42.62 0.300
42.64 0.300
42.66 0.300
42.68 0.300
42.70 0.300
42.72 0.300
42.74 0.300
42.76 0.300
42.78 0.300
42.80 0.300
42.82 0.300
42.84 0.300
42.86 0.300
42.88 0.300
42.90 0.300
42.92 0.300
42.94 0.300
42.96 0.300
42.98 0.300
43.00 0.300
43.02 0.300
43.04 0.300
43.06 0.300
43.08 0.300
43.10 0.300
43.12 0.300
43.14 0.300
43.16 0.300
43.18 0.300
43.20 0.300
43.22 0.300
43.24 0.300
43.26 0.300
43.28 0.300
43.30 0.300
43.32 0.300
43.34 0.300
43.36 0.300
43.38 0.300
43.40 0.300
43.42 0.300
43.44 0.300
43.46 0.300
43.48 0.300
43.50 0.300
43.52 0.300
43.54 0.300
43.56 0.300
43.58 0.300
43.60 0.300
43.62 0.300
43.64 0.300
43.66 0.300
43.68 0.300
43.70 0.300
43.72 0.300
43.74 0.300
43.76 0.300
43.78 0.300
43.80 0.300
43.82 0.300
43.84 0.300
43.86 0.300
43.88 0.300
43.90 0.300
43.92 0.300
43.94 0.300
43.96 0.300
43.98 0.300
44.00 0.300
44.02 0.300
44.04 0.300
44.06 0.300
44.08 0.300
44.10 0.300
44.12 0.300
44.14 0.300
44.16 0.300
44.18 0.300
44.20 0.300
44.22 0.300
44.24 0.300
44.26 0.300
44.28 0.300
44.30 0.300
44.32 0.300
44.34 0.300
44.36 0.300
44.38 0.300
44.40 0.300
44.42 0.300
44.44 0.300
44.46 0.300
44.48 0.300
44.50 0.300
44.52 0.300
44.54 0.300
44.56 0.300
44.58 0.300
44.60 0.300
44.62 0.300
44.64 0.300
44.66 0.300
44.68 0.300
44.70 0.300
44.72 0.300
44.74 0.300
44.76 0.300
44.78 0.300
44.80 0.300
44.82 0.300
44.84 0.300
44.86 0.300
44.88 0.300
44.90 0.300
44.92 0.300
44.94 0.300
44.96 0.300
44.98 0.300
45.00 0.300
45.02 0.300
45.04 0.300
45.06 0.300
45.08 0.300
45.10 0.300
45.12 0.300
45.14 0.300
45.16 0.300
45.18 0.300
45.20 0.300
45.22 0.300
45.24 0.300
45.26 0.300
45.28 0.300
45.30 0.300
45.32 0.300
45.34 0.300
45.36 0.300
45.38 0.300
45.40 0.300
45.42 0.300
45.44 0.300
45.46 0.300
45.48 0.300
45.50 0.300
45.52 0.300
45.54 0.300
45.56 0.300
45.58 0.300
45.60 0.300
45.62 0.300
45.64 0.300
45.66 0.300
45.68 0.300
45.70 0.300
45.72 0.300
45.74 0.300
45.76 0.300
45.78 0.300
45.80 0.300
45.82 0.300
45.84 0.300
45.86 0.300
45.88 0.300
45.90 0.300
45.92 0.300
45.94 0.300
45.96 0.300
45.98 0.300
46.00 0.300
46.02 0.300
46.04 0.300
46.06 0.300
46.08 0.300
46.10 0.300
46.12 0.300
46.14 0.300
46.16 0.300
46.18 0.300
46.20 0.300
46.22 0.300
46.24 0.300
46.26 0.300
46.28 0.300
46.30 0.300
46.32 0.300
46.34 0.300
46.36 0.300
46.38 0.300
46.40 0.300
46.42 0.300
46.44 0.300
46.46 0.300
46.48 0.300
46.50 0.300
46.52 0.300
46.54 0.300
46.56 0.300
46.58 0.300
46.60 0.300
46.62 0.300
46.64 0.300
46.66 0.300
46.68 0.300
46.70 0.300
46.72 0.300
46.74 0.300
46.76 0.300
46.78 0.300
46.80 0.300
46.82 0.300
46.84 0.300
46.86 0.300
46.88 0.300
46.90 0.300
46.92 0.300
46.94 0.300
46.96 0.300
46.98 0.300
47.00 0.300
47.02 0.300
47.04 0.300
47.06 0.300
47.08 0.300
47.10 0.300
47.12 0.300
47.14 0.300
47.16 0.300
47.18 0.300
47.20 0.300
47.22 0.300
47.24 0.300
47.26 0.300
47.28 0.300
47.30 0.300
47.32 0.300
47.34 0.300
47.36 0.300
47.38 0.300
47.40 0.300
47.42 0.300
47.44 0.300
47.46 0.300
47.48 0.300
47.50 0.300
47.52 0.300
47.54 0.300
47.56 0.300
47.58 0.300
47.60 0.300
47.62 0.300
47.64 0.300
47.66 0.300
47.68 0.300
47.70 0.300
47.72 0.300
47.74 0.300
47.76 0.300
47.78 0.300
47.80 0.300
47.82 0.300
47.84 0.300
47.86 0.300
47.88 0.300
47.90 0.300
47.92 0.300
47.94 0.300
47.96 0.300
47.98 0.300
48.00 0.300
48.02 0.300
48.04 0.300
48.06 0.300
48.08 0.300
48.10 0.300
48.12 0.300
48.14 0.300
48.16 0.300
48.18 0.300
48.20 0.300
48.22 0.300
48.24 0.300
48.26 0.300
48.28 0.300
48.30 0.300
48.32 0.300
48.34 0.300
48.36 0.300
48.38 0.300
48.40 0.300
48.42 0.300
48.44 0.300
48.46 0.300
48.48 0.300
48.50 0.300
48.52 0.300
48.54 0.300
48.56 0.300
48.58 0.300
48.60 0.300
48.62 0.300
48.64 0.300
48.66 0.300
48.68 0.300
48.70 0.300
48.72 0.300
48.74 0.300
48.76 0.300
48.78 0.300
48.80 0.300
48.82 0.300
48.84 0.300
48.86 0.300
48.88 0.300
48.90 0.300
48.92 0.300
48.94 0.300
48.96 0.300
48.98 0.300
49.00 0.300
49.02 0.300
49.04 0.300
49.06 0.300
49.08 0.300
49.10 0.300
49.12 0.300
49.14 0.300
49.16 0.300
49.18 0.300
49.20 0.300
49.22 0.300
49.24 0.300
49.26 0.300
49.28 0.300
49.30 0.300
49.32 0.300
49.34 0.300
49.36 0.300
49.38 0.300
49.40 0.300
49.42 0.300
49.44 0.300
49.46 0.300
49.48 0.300
49.50 0.300
49.52 0.300
49.54 0.300
49.56 0.300
49.58 0.300
49.60 0.300
49.62 0.300
49.64 0.300
49.66 0.300
49.68 0.300
49.70 0.300
49.72 0.300
49.74 0.300
49.76 0.300
49.78 0.300
49.80 0.300
49.82 0.300
49.84 0.300
49.86 0.300
49.88 0.300
49.90 0.300
49.92 0.300
49.94 0.300
49.96 0.300
49.98 0.300
50.00 0.850
50.02 0.850
50.04 0.850
50.06 0.850
50.08 0.850
50.10 0.850
50.12 0.850
50.14 0.850
50.16 0.850
50.18 0.850
50.20 0.850
50.22 0.850
50.24 0.850
50.26 0.850
50.28 0.850
50.30 0.850
50.32 0.850
50.34 0.850
50.36 0.850
50.38 0.850
50.40 0.850
50.42 0.850
50.44 0.850
50.46 0.850
50.48 0.850
50.50 0.850
50.52 0.850
50.54 0.850
50.56 0.850
50.58 0.850
50.60 0.850
50.62 0.850
50.64 0.850
50.66 0.850
50.68 0.850
50.70 0.850
50.72 0.850
50.74 0.850
50.76 0.850
50.78 0.850
50.80 0.850
50.82 0.850
50.84 0.850
50.86 0.850
50.88 0.850
50.90 0.850
50.92 0.850
50.94 0.850
50.96 0.850
50.98 0.850
51.00 0.850
51.02 0.850
51.04 0.850
51.06 0.850
51.08 0.850
51.10 0.850
51.12 0.850
51.14 0.850
51.16 0.850
51.18 0.850
51.20 0.850
51.22 0.850
51.24 0.850
51.26 0.850
51.28 0.850
51.30 0.850
51.32 0.850
51.34 0.850
51.36 0.850
51.38 0.850
51.40 0.850
51.42 0.850
51.44 0.850
51.46 0.850
51.48 0.850
51.50 0.850
51.52 0.850
51.54 0.850
51.56 0.850
51.58 0.850
51.60 0.850
51.62 0.850
51.64 0.850
51.66 0.850
51.68 0.850
51.70 0.850
51.72 0.850
51.74 0.850
51.76 0.850
51.78 0.850
51.80 0.850
51.82 0.850
51.84 0.850
51.86 0.850
51.88 0.850
51.90 0.850
51.92 0.850
51.94 0.850
51.96 0.850
51.98 0.850
52.00 0.850
52.02 0.850
52.04 0.850
52.06 0.850
52.08 0.850
52.10 0.850
52.12 0.850
52.14 0.850
52.16 0.850
52.18 0.850
52.20 0.850
52.22 0.850
52.24 0.850
52.26 0.850
52.28 0.850
52.30 0.850
52.32 0.850
52.34 0.850
52.36 0.850
52.38 0.850
52.40 0.850
52.42 0.850
52.44 0.850
52.46 0.850
52.48 0.850
52.50 0.850
52.52 0.850
52.54 0.850
52.56 0.850
52.58 0.850
52.60 0.850
52.62 0.850
52.64 0.850
52.66 0.850
52.68 0.850
52.70 0.850
52.72 0.850
52.74 0.850
52.76 0.850
52.78 0.850
52.80 0.850
52.82 0.850
52.84 0.850
52.86 0.850
52.88 0.850
52.90 0.850
52.92 0.850
52.94 0.850
52.96 0.850
52.98 0.850
53.00 0.850
53.02 0.850
53.04 0.850
53.06 0.850
53.08 0.850
53.10 0.850
53.12 0.850
53.14 0.850
53.16 0.850
53.18 0.850
53.20 0.850
53.22 0.850
53.24 0.850
53.26 0.850
53.28 0.850
53.30 0.850
53.32 0.850
53.34 0.850
53.36 0.850
53.38 0.850
53.40 0.850
53.42 0.850
53.44 0.850
53.46 0.850
53.48 0.850
53.50 0.850
53.52 0.850
53.54 0.850
53.56 0.850
53.58 0.850
53.60 0.850
53.62 0.850
53.64 0.850
53.66 0.850
53.68 0.850
53.70 0.850
53.72 0.850
53.74 0.850
53.76 0.850
53.78 0.850
53.80 0.850
53.82 0.850
53.84 0.850
53.86 0.850
53.88 0.850
53.90 0.850
53.92 0.850
53.94 0.850
53.96 0.850
53.98 0.850
54.00 0.850
54.02 0.850
54.04 0.850
54.06 0.850
54.08 0.850
54.10 0.850
54.12 0.850
54.14 0.850
54.16 0.850
54.18 0.850
54.20 0.850
54.22 0.850
54.24 0.850
54.26 0.850
54.28 0.850
54.30 0.850
54.32 0.850
54.34 0.850
54.36 0.850
54.38 0.850
54.40 0.850
54.42 0.850
54.44 0.850
54.46 0.850
54.48 0.850
54.50 0.850
54.52 0.850
54.54 0.850
54.56 0.850
54.58 0.850
54.60 0.850
54.62 0.850
54.64 0.850
54.66 0.850
54.68 0.850
54.70 0.850
54.72 0.850
54.74 0.850
54.76 0.850
54.78 0.850
54.80 0.850
54.82 0.850
54.84 0.850
54.86 0.850
54.88 0.850
54.90 0.850
54.92 0.850
54.94 0.850
54.96 0.850
54.98 0.850
55.00 0.850
55.02 0.850
55.04 0.850
55.06 0.850
55.08 0.850
55.10 0.850
55.12 0.850
55.14 0.850
55.16 0.850
55.18 0.850
55.20 0.850
55.22 0.850
55.24 0.850
55.26 0.850
55.28 0.850
55.30 0.850
55.32 0.850
55.34 0.850
55.36 0.850
55.38 0.850
55.40 0.850
55.42 0.850
55.44 0.850
55.46 0.850
55.48 0.850
55.50 0.850
55.52 0.850
55.54 0.850
55.56 0.850
55.58 0.850
55.60 0.850
55.62 0.850
55.64 0.850
55.66 0.850
55.68 0.850
55.70 0.850
55.72 0.850
55.74 0.850
55.76 0.850
55.78 0.850
55.80 0.850
55.82 0.850
55.84 0.850
55.86 0.850
55.88 0.850
55.90 0.850
55.92 0.850
55.94 0.850
55.96 0.850
55.98 0.850
56.00 0.850
56.02 0.850
56.04 0.850
56.06 0.850
56.08 0.850
56.10 0.850
56.12 0.850
56.14 0.850
56.16 0.850
56.18 0.850
56.20 0.850
56.22 0.850
56.24 0.850
56.26 0.850
56.28 0.850
56.30 0.850
56.32 0.850
56.34 0.850
56.36 0.850
56.38 0.850
56.40 0.850
56.42 0.850
56.44 0.850
56.46 0.850
56.48 0.850
56.50 0.850
56.52 0.850
56.54 0.850
56.56 0.850
56.58 0.850
56.60 0.850
56.62 0.850
56.64 0.850
56.66 0.850
56.68 0.850
56.70 0.850
56.72 0.850
56.74 0.850
56.76 0.850
56.78 0.850
56.80 0.850
56.82 0.850
56.84 0.850
56.86 0.850
56.88 0.850
56.90 0.850
56.92 0.850
56.94 0.850
56.96 0.850
56.98 0.850
57.00 0.850
57.02 0.850
57.04 0.850
57.06 0.850
57.08 0.850
57.10 0.850
57.12 0.850
57.14 0.850
57.16 0.850
57.18 0.850
57.20 0.850
57.22 0.850
57.24 0.850
57.26 0.850
57.28 0.850
57.30 0.850
57.32 0.850
57.34 0.850
57.36 0.850
57.38 0.850
57.40 0.850
57.42 0.850
57.44 0.850
57.46 0.850
57.48 0.850
57.50 0.850
57.52 0.850
57.54 0.850
57.56 0.850
57.58 0.850
57.60 0.850
57.62 0.850
57.64 0.850
57.66 0.850
57.68 0.850
57.70 0.850
57.72 0.850
57.74 0.850
57.76 0.850
57.78 0.850
57.80 0.850
57.82 0.850
57.84 0.850
57.86 0.850
57.88 0.850
57.90 0.850
57.92 0.850
57.94 0.850
57.96 0.850
57.98 0.850
58.00 0.850
58.02 0.850
58.04 0.850
58.06 0.850
58.08 0.850
58.10 0.850
58.12 0.850
58.14 0.850
58.16 0.850
58.18 0.850
58.20 0.850
58.22 0.850
58.24 0.850
58.26 0.850
58.28 0.850
58.30 0.850
58.32 0.850
58.34 0.850
58.36 0.850
58.38 0.850
58.40 0.850
58.42 0.850
58.44 0.850
58.46 0.850
58.48 0.850
58.50 0.850
58.52 0.850
58.54 0.850
58.56 0.850
58.58 0.850
58.60 0.850
58.62 0.850
58.64 0.850
58.66 0.850
58.68 0.850
58.70 0.850
58.72 0.850
58.74 0.850
58.76 0.850
58.78 0.850
58.80 0.850
58.82 0.850
58.84 0.850
58.86 0.850
58.88 0.850
58.90 0.850
58.92 0.850
58.94 0.850
58.96 0.850
58.98 0.850
59.00 0.850
59.02 0.850
59.04 0.850
59.06 0.850
59.08 0.850
59.10 0.850
59.12 0.850
59.14 0.850
59.16 0.850
59.18 0.850
59.20 0.850
59.22 0.850
59.24 0.850
59.26 0.850
59.28 0.850
59.30 0.850
59.32 0.850
59.34 0.850
59.36 0.850
59.38 0.850
59.40 0.850
59.42 0.850
59.44 0.850
59.46 0.850
59.48 0.850
59.50 0.850
59.52 0.850
59.54 0.850
59.56 0.850
59.58 0.850
59.60 0.850
59.62 0.850
59.64 0.850
59.66 0.850
59.68 0.850
59.70 0.850
59.72 0.850
59.74 0.850
59.76 0.850
59.78 0.850
59.80 0.850
59.82 0.850
59.84 0.850
59.86 0.850
59.88 0.850
59.90 0.850
59.92 0.850
59.94 0.850
59.96 0.850
59.98 0.850
