0.00 0.200
0.02 0.200
0.04 0.200
0.06 0.200
0.08 0.200
0.10 0.200
0.12 0.200
0.14 0.200
0.16 0.200
0.18 0.200
0.20 0.200
0.22 0.200
0.24 0.200
0.26 0.200
0.28 0.200
0.30 0.200
0.32 0.200
0.34 0.200
0.36 0.200
0.38 0.200
0.40 0.200
0.42 0.200
0.44 0.200
0.46 0.200
0.48 0.200
0.50 0.200
0.52 0.200
0.54 0.200
0.56 0.200
0.58 0.200
0.60 0.200
0.62 0.200
0.64 0.200
0.66 0.200
0.68 0.200
0.70 0.200
0.72 0.200
0.74 0.200
0.76 0.200
0.78 0.200
0.80 0.200
0.82 0.200
0.84 0.200
0.86 0.200
0.88 0.200
0.90 0.200
0.92 0.200
0.94 0.200
0.96 0.200
0.98 0.200
1.00 0.200
1.02 0.200
1.04 0.200
1.06 0.200
1.08 0.200
1.10 0.200
1.12 0.200
1.14 0.200
1.16 0.200
1.18 0.200
1.20 0.200
1.22 0.200
1.24 0.200
1.26 0.200
1.28 0.200
1.30 0.200
1.32 0.200
1.34 0.200
1.36 0.200
1.38 0.200
1.40 0.200
1.42 0.200
1.44 0.200
1.46 0.200
1.48 0.200
1.50 0.200
1.52 0.200
1.54 0.200
1.56 0.200
1.58 0.200
1.60 0.200
1.62 0.200
1.64 0.200
1.66 0.200
1.68 0.200
1.70 0.200
1.72 0.200
1.74 0.200
1.76 0.200
1.78 0.200
1.80 0.200
1.82 0.200
1.84 0.200
1.86 0.200
1.88 0.200
1.90 0.200
1.92 0.200
1.94 0.200
1.96 0.200
1.98 0.200
2.00 0.200
2.02 0.200
2.04 0.200
2.06 0.200
2.08 0.200
2.10 0.200
2.12 0.200
2.14 0.200
2.16 0.200
2.18 0.200
2.20 0.200
2.22 0.200
2.24 0.200
2.26 0.200
2.28 0.200
2.30 0.200
2.32 0.200
2.34 0.200
2.36 0.200
2.38 0.200
2.40 0.200
2.42 0.200
2.44 0.200
2.46 0.200
2.48 0.200
2.50 0.200
2.52 0.200
2.54 0.200
2.56 0.200
2.58 0.200
2.60 0.200
2.62 0.200
2.64 0.200
2.66 0.200
2.68 0.200
2.70 0.200
2.72 0.200
2.74 0.200
2.76 0.200
2.78 0.200
2.80 0.200
2.82 0.200
2.84 0.200
2.86 0.200
2.88 0.200
2.90 0.200
2.92 0.200
2.94 0.200
2.96 0.200
2.98 0.200
3.00 0.200
3.02 0.200
3.04 0.200
3.06 0.200
3.08 0.200
3.10 0.200
3.12 0.200
3.14 0.200
3.16 0.200
3.18 0.200
3.20 0.200
3.22 0.200
3.24 0.200
3.26 0.200
3.28 0.200
3.30 0.200
3.32 0.200
3.34 0.200
3.36 0.200
3.38 0.200
3.40 0.200
3.42 0.200
3.44 0.200
3.46 0.200
3.48 0.200
3.50 0.200
3.52 0.200
3.54 0.200
3.56 0.200
3.58 0.200
3.60 0.200
3.62 0.200
3.64 0.200
3.66 0.200
3.68 0.200
3.70 0.200
3.72 0.200
3.74 0.200
3.76 0.200
3.78 0.200
3.80 0.200
3.82 0.200
3.84 0.200
3.86 0.200
3.88 0.200
3.90 0.200
3.92 0.200
3.94 0.200
3.96 0.200
3.98 0.200
4.00 0.200
4.02 0.200
4.04 0.200
4.06 0.200
4.08 0.200
4.10 0.200
4.12 0.200
4.14 0.200
4.16 0.200
4.18 0.200
4.20 0.200
4.22 0.200
4.24 0.200
4.26 0.200
4.28 0.200
4.30 0.200
4.32 0.200
4.34 0.200
4.36 0.200
4.38 0.200
4.40 0.200
4.42 0.200
4.44 0.200
4.46 0.200
4.48 0.200
4.50 0.200
4.52 0.200
4.54 0.200
4.56 0.200
4.58 0.200
4.60 0.200
4.62 0.200
4.64 0.200
4.66 0.200
4.68 0.200
4.70 0.200
4.72 0.200
4.74 0.200
4.76 0.200
4.78 0.200
4.80 0.200
4.82 0.200
4.84 0.200
4.86 0.200
4.88 0.200
4.90 0.200
4.92 0.200
4.94 0.200
4.96 0.200
4.98 0.200
5.00 0.200
5.02 0.200
5.04 0.200
5.06 0.200
5.08 0.200
5.10 0.200
5.12 0.200
5.14 0.200
5.16 0.200
5.18 0.200
5.20 0.200
5.22 0.200
5.24 0.200
5.26 0.200
5.28 0.200
5.30 0.200
5.32 0.200
5.34 0.200
5.36 0.200
5.38 0.200
5.40 0.200
5.42 0.200
5.44 0.200
5.46 0.200
5.48 0.200
5.50 0.200
5.52 0.200
5.54 0.200
5.56 0.200
5.58 0.200
5.60 0.200
5.62 0.200
5.64 0.200
5.66 0.200
5.68 0.200
5.70 0.200
5.72 0.200
5.74 0.200
5.76 0.200
5.78 0.200
5.80 0.200
5.82 0.200
5.84 0.200
5.86 0.200
5.88 0.200
5.90 0.200
5.92 0.200
5.94 0.200
5.96 0.200
5.98 0.200
6.00 0.200
6.02 0.200
6.04 0.200
6.06 0.200
6.08 0.200
6.10 0.200
6.12 0.200
6.14 0.200
6.16 0.200
6.18 0.200
6.20 0.200
6.22 0.200
6.24 0.200
6.26 0.200
6.28 0.200
6.30 0.200
6.32 0.200
6.34 0.200
6.36 0.200
6.38 0.200
6.40 0.200
6.42 0.200
6.44 0.200
6.46 0.200
6.48 0.200
6.50 0.200
6.52 0.200
6.54 0.200
6.56 0.200
6.58 0.200
6.60 0.200
6.62 0.200
6.64 0.200
6.66 0.200
6.68 0.200
6.70 0.200
6.72 0.200
6.74 0.200
6.76 0.200
6.78 0.200
6.80 0.200
6.82 0.200
6.84 0.200
6.86 0.200
6.88 0.200
6.90 0.200
6.92 0.200
6.94 0.200
6.96 0.200
6.98 0.200
7.00 0.200
7.02 0.200
7.04 0.200
7.06 0.200
7.08 0.200
7.10 0.200
7.12 0.200
7.14 0.200
7.16 0.200
7.18 0.200
7.20 0.200
7.22 0.200
7.24 0.200
7.26 0.200
7.28 0.200
7.30 0.200
7.32 0.200
7.34 0.200
7.36 0.200
7.38 0.200
7.40 0.200
7.42 0.200
7.44 0.200
7.46 0.200
7.48 0.200
7.50 0.200
7.52 0.200
7.54 0.200
7.56 0.200
7.58 0.200
7.60 0.200
7.62 0.200
7.64 0.200
7.66 0.200
7.68 0.200
7.70 0.200
7.72 0.200
7.74 0.200
7.76 0.200
7.78 0.200
7.80 0.200
7.82 0.200
7.84 0.200
7.86 0.200
7.88 0.200
7.90 0.200
7.92 0.200
7.94 0.200
7.96 0.200
7.98 0.200
8.00 0.200
8.02 0.200
8.04 0.200
8.06 0.200
8.08 0.200
8.10 0.200
8.12 0.200
8.14 0.200
8.16 0.200
8.18 0.200
8.20 0.200
8.22 0.200
8.24 0.200
8.26 0.200
8.28 0.200
8.30 0.200
8.32 0.200
8.34 0.200
8.36 0.200
8.38 0.200
8.40 0.200
8.42 0.200
8.44 0.200
8.46 0.200
8.48 0.200
8.50 0.200
8.52 0.200
8.54 0.200
8.56 0.200
8.58 0.200
8.60 0.200
8.62 0.200
8.64 0.200
8.66 0.200
8.68 0.200
8.70 0.200
8.72 0.200
8.74 0.200
8.76 0.200
8.78 0.200
8.80 0.200
8.82 0.200
8.84 0.200
8.86 0.200
8.88 0.200
8.90 0.200
8.92 0.200
8.94 0.200
8.96 0.200
8.98 0.200
9.00 0.200
9.02 0.200
9.04 0.200
9.06 0.200
9.08 0.200
9.10 0.200
9.12 0.200
9.14 0.200
9.16 0.200
9.18 0.200
9.20 0.200
9.22 0.200
9.24 0.200
9.26 0.200
9.28 0.200
9.30 0.200
9.32 0.200
9.34 0.200
9.36 0.200
9.38 0.200
9.40 0.200
9.42 0.200
9.44 0.200
9.46 0.200
9.48 0.200
9.50 0.200
9.52 0.200
9.54 0.200
9.56 0.200
9.58 0.200
9.60 0.200
9.62 0.200
9.64 0.200
9.66 0.200
9.68 0.200
9.70 0.200
9.72 0.200
9.74 0.200
9.76 0.200
9.78 0.200
9.80 0.200
9.82 0.200
9.84 0.200
9.86 0.200
9.88 0.200
9.90 0.200
9.92 0.200
9.94 0.200
9.96 0.200
9.98 0.200
10.00 0.900
10.02 0.900
10.04 0.900
10.06 0.900
10.08 0.900
10.10 0.900
10.12 0.900
10.14 0.900
10.16 0.900
10.18 0.900
10.20 0.900
10.22 0.900
10.24 0.900
10.26 0.900
10.28 0.900
10.30 0.900
10.32 0.900
10.34 0.900
10.36 0.900
10.38 0.900
10.40 0.900
10.42 0.900
10.44 0.900
10.46 0.900
10.48 0.900
10.50 0.900
10.52 0.900
10.54 0.900
10.56 0.900
10.58 0.900
10.60 0.900
10.62 0.900
10.64 0.900
10.66 0.900
10.68 0.900
10.70 0.900
10.72 0.900
10.74 0.900
10.76 0.900
10.78 0.900
10.80 0.900
10.82 0.900
10.84 0.900
10.86 0.900
10.88 0.900
10.90 0.900
10.92 0.900
10.94 0.900
10.96 0.900
10.98 0.900
11.00 0.900
11.02 0.900
11.04 0.900
11.06 0.900
11.08 0.900
11.10 0.900
11.12 0.900
11.14 0.900
11.16 0.900
11.18 0.900
11.20 0.900
11.22 0.900
11.24 0.900
11.26 0.900
11.28 0.900
11.30 0.900
11.32 0.900
11.34 0.900
11.36 0.900
11.38 0.900
11.40 0.900
11.42 0.900
11.44 0.900
11.46 0.900
11.48 0.900
11.50 0.900
11.52 0.900
11.54 0.900
11.56 0.900
11.58 0.900
11.60 0.900
11.62 0.900
11.64 0.900
11.66 0.900
11.68 0.900
11.70 0.900
11.72 0.900
11.74 0.900
11.76 0.900
11.78 0.900
11.80 0.900
11.82 0.900
11.84 0.900
11.86 0.900
11.88 0.900
11.90 0.900
11.92 0.900
11.94 0.900
11.96 0.900
11.98 0.900
12.00 0.900
12.02 0.900
12.04 0.900
12.06 0.900
12.08 0.900
12.10 0.900
12.12 0.900
12.14 0.900
12.16 0.900
12.18 0.900
12.20 0.900
12.22 0.900
12.24 0.900
12.26 0.900
12.28 0.900
12.30 0.900
12.32 0.900
12.34 0.900
12.36 0.900
12.38 0.900
12.40 0.900
12.42 0.900
12.44 0.900
12.46 0.900
12.48 0.900
12.50 0.900
12.52 0.900
12.54 0.900
12.56 0.900
12.58 0.900
12.60 0.900
12.62 0.900
12.64 0.900
12.66 0.900
12.68 0.900
12.70 0.900
12.72 0.900
12.74 0.900
12.76 0.900
12.78 0.900
12.80 0.900
12.82 0.900
12.84 0.900
12.86 0.900
12.88 0.900
12.90 0.900
12.92 0.900
12.94 0.900
12.96 0.900
12.98 0.900
13.00 0.900
13.02 0.900
13.04 0.900
13.06 0.900
13.08 0.900
13.10 0.900
13.12 0.900
13.14 0.900
13.16 0.900
13.18 0.900
13.20 0.900
13.22 0.900
13.24 0.900
13.26 0.900
13.28 0.900
13.30 0.900
13.32 0.900
13.34 0.900
13.36 0.900
13.38 0.900
13.40 0.900
13.42 0.900
13.44 0.900
13.46 0.900
13.48 0.900
13.50 0.900
13.52 0.900
13.54 0.900
13.56 0.900
13.58 0.900
13.60 0.900
13.62 0.900
13.64 0.900
13.66 0.900
13.68 0.900
13.70 0.900
13.72 0.900
13.74 0.900
13.76 0.900
13.78 0.900
13.80 0.900
13.82 0.900
13.84 0.900
13.86 0.900
13.88 0.900
13.90 0.900
13.92 0.900
13.94 0.900
13.96 0.900
13.98 0.900
14.00 0.900
14.02 0.900
14.04 0.900
14.06 0.900
14.08 0.900
14.10 0.900
14.12 0.900
14.14 0.900
14.16 0.900
14.18 0.900
14.20 0.900
14.22 0.900
14.24 0.900
14.26 0.900
14.28 0.900
14.30 0.900
14.32 0.900
14.34 0.900
14.36 0.900
14.38 0.900
14.40 0.900
14.42 0.900
14.44 0.900
14.46 0.900
14.48 0.900
14.50 0.900
14.52 0.900
14.54 0.900
14.56 0.900
14.58 0.900
14.60 0.900
14.62 0.900
14.64 0.900
14.66 0.900
14.68 0.900
14.70 0.900
14.72 0.900
14.74 0.900
14.76 0.900
14.78 0.900
14.80 0.900
14.82 0.900
14.84 0.900
14.86 0.900
14.88 0.900
14.90 0.900
14.92 0.900
14.94 0.900
14.96 0.900
14.98 0.900
15.00 0.900
15.02 0.900
15.04 0.900
15.06 0.900
15.08 0.900
15.10 0.900
15.12 0.900
15.14 0.900
15.16 0.900
15.18 0.900
15.20 0.900
15.22 0.900
15.24 0.900
15.26 0.900
15.28 0.900
15.30 0.900
15.32 0.900
15.34 0.900
15.36 0.900
15.38 0.900
15.40 0.900
15.42 0.900
15.44 0.900
15.46 0.900
15.48 0.900
15.50 0.900
15.52 0.900
15.54 0.900
15.56 0.900
15.58 0.900
15.60 0.900
15.62 0.900
15.64 0.900
15.66 0.900
15.68 0.900
15.70 0.900
15.72 0.900
15.74 0.900
15.76 0.900
15.78 0.900
15.80 0.900
15.82 0.900
15.84 0.900
15.86 0.900
15.88 0.900
15.90 0.900
15.92 0.900
15.94 0.900
15.96 0.900
15.98 0.900
16.00 0.900
16.02 0.900
16.04 0.900
16.06 0.900
16.08 0.900
16.10 0.900
16.12 0.900
16.14 0.900
16.16 0.900
16.18 0.900
16.20 0.900
16.22 0.900
16.24 0.900
16.26 0.900
16.28 0.900
16.30 0.900
16.32 0.900
16.34 0.900
16.36 0.900
16.38 0.900
16.40 0.900
16.42 0.900
16.44 0.900
16.46 0.900
16.48 0.900
16.50 0.900
16.52 0.900
16.54 0.900
16.56 0.900
16.58 0.900
16.60 0.900
16.62 0.900
16.64 0.900
16.66 0.900
16.68 0.900
16.70 0.900
16.72 0.900
16.74 0.900
16.76 0.900
16.78 0.900
16.80 0.900
16.82 0.900
16.84 0.900
16.86 0.900
16.88 0.900
16.90 0.900
16.92 0.900
16.94 0.900
16.96 0.900
16.98 0.900
17.00 0.900
17.02 0.900
17.04 0.900
17.06 0.900
17.08 0.900
17.10 0.900
17.12 0.900
17.14 0.900
17.16 0.900
17.18 0.900
17.20 0.900
17.22 0.900
17.24 0.900
17.26 0.900
17.28 0.900
17.30 0.900
17.32 0.900
17.34 0.900
17.36 0.900
17.38 0.900
17.40 0.900
17.42 0.900
17.44 0.900
17.46 0.900
17.48 0.900
17.50 0.900
17.52 0.900
17.54 0.900
17.56 0.900
17.58 0.900
17.60 0.900
17.62 0.900
17.64 0.900
17.66 0.900
17.68 0.900
17.70 0.900
17.72 0.900
17.74 0.900
17.76 0.900
17.78 0.900
17.80 0.900
17.82 0.900
17.84 0.900
17.86 0.900
17.88 0.900
17.90 0.900
17.92 0.900
17.94 0.900
17.96 0.900
17.98 0.900
18.00 0.900
18.02 0.900
18.04 0.900
18.06 0.900
18.08 0.900
18.10 0.900
18.12 0.900
18.14 0.900
18.16 0.900
18.18 0.900
18.20 0.900
18.22 0.900
18.24 0.900
18.26 0.900
18.28 0.900
18.30 0.900
18.32 0.900
18.34 0.900
18.36 0.900
18.38 0.900
18.40 0.900
18.42 0.900
18.44 0.900
18.46 0.900
18.48 0.900
18.50 0.900
18.52 0.900
18.54 0.900
18.56 0.900
18.58 0.900
18.60 0.900
18.62 0.900
18.64 0.900
18.66 0.900
18.68 0.900
18.70 0.900
18.72 0.900
18.74 0.900
18.76 0.900
18.78 0.900
18.80 0.900
18.82 0.900
18.84 0.900
18.86 0.900
18.88 0.900
18.90 0.900
18.92 0.900
18.94 0.900
18.96 0.900
18.98 0.900
19.00 0.900
19.02 0.900
19.04 0.900
19.06 0.900
19.08 0.900
19.10 0.900
19.12 0.900
19.14 0.900
19.16 0.900
19.18 0.900
19.20 0.900
19.22 0.900
19.24 0.900
19.26 0.900
19.28 0.900
19.30 0.900
19.32 0.900
19.34 0.900
19.36 0.900
19.38 0.900
19.40 0.900
19.42 0.900
19.44 0.900
19.46 0.900
19.48 0.900
19.50 0.900
19.52 0.900
19.54 0.900
19.56 0.900
19.58 0.900
19.60 0.900
19.62 0.900
19.64 0.900
19.66 0.900
19.68 0.900
19.70 0.900
19.72 0.900
19.74 0.900
19.76 0.900
19.78 0.900
19.80 0.900
19.82 0.900
19.84 0.900
19.86 0.900
19.88 0.900
19.90 0.900
19.92 0.900
19.94 0.900
19.96 0.900
19.98 0.900
20.00 0.900
20.02 0.200
20.04 0.200
20.06 0.200
20.08 0.200
20.10 0.200
20.12 0.200
20.14 0.200
20.16 0.200
20.18 0.200
20.20 0.200
20.22 0.200
20.24 0.200
20.26 0.200
20.28 0.200
20.30 0.200
20.32 0.200
20.34 0.200
20.36 0.200
20.38 0.200
20.40 0.200
20.42 0.200
20.44 0.200
20.46 0.200
20.48 0.200
20.50 0.200
20.52 0.200
20.54 0.200
20.56 0.200
20.58 0.200
20.60 0.200
20.62 0.200
20.64 0.200
20.66 0.200
20.68 0.200
20.70 0.200
20.72 0.200
20.74 0.200
20.76 0.200
20.78 0.200
20.80 0.200
20.82 0.200
20.84 0.200
20.86 0.200
20.88 0.200
20.90 0.200
20.92 0.200
20.94 0.200
20.96 0.200
20.98 0.200
21.00 0.200
21.02 0.200
21.04 0.200
21.06 0.200
21.08 0.200
21.10 0.200
21.12 0.200
21.14 0.200
21.16 0.200
21.18 0.200
21.20 0.200
21.22 0.200
21.24 0.200
21.26 0.200
21.28 0.200
21.30 0.200
21.32 0.200
21.34 0.200
21.36 0.200
21.38 0.200
21.40 0.200
21.42 0.200
21.44 0.200
21.46 0.200
21.48 0.200
21.50 0.200
21.52 0.200
21.54 0.200
21.56 0.200
21.58 0.200
21.60 0.200
21.62 0.200
21.64 0.200
21.66 0.200
21.68 0.200
21.70 0.200
21.72 0.200
21.74 0.200
21.76 0.200
21.78 0.200
21.80 0.200
21.82 0.200
21.84 0.200
21.86 0.200
21.88 0.200
21.90 0.200
21.92 0.200
21.94 0.200
21.96 0.200
21.98 0.200
22.00 0.200
22.02 0.200
22.04 0.200
22.06 0.200
22.08 0.200
22.10 0.200
22.12 0.200
22.14 0.200
22.16 0.200
22.18 0.200
22.20 0.200
22.22 0.200
22.24 0.200
22.26 0.200
22.28 0.200
22.30 0.200
22.32 0.200
22.34 0.200
22.36 0.200
22.38 0.200
22.40 0.200
22.42 0.200
22.44 0.200
22.46 0.200
22.48 0.200
22.50 0.200
22.52 0.200
22.54 0.200
22.56 0.200
22.58 0.200
22.60 0.200
22.62 0.200
22.64 0.200
22.66 0.200
22.68 0.200
22.70 0.200
22.72 0.200
22.74 0.200
22.76 0.200
22.78 0.200
22.80 0.200
22.82 0.200
22.84 0.200
22.86 0.200
22.88 0.200
22.90 0.200
22.92 0.200
22.94 0.200
22.96 0.200
22.98 0.200
23.00 0.200
23.02 0.200
23.04 0.200
23.06 0.200
23.08 0.200
23.10 0.200
23.12 0.200
23.14 0.200
23.16 0.200
23.18 0.200
23.20 0.200
23.22 0.200
23.24 0.200
23.26 0.200
23.28 0.200
23.30 0.200
23.32 0.200
23.34 0.200
23.36 0.200
23.38 0.200
23.40 0.200
23.42 0.200
23.44 0.200
23.46 0.200
23.48 0.200
23.50 0.200
23.52 0.200
23.54 0.200
23.56 0.200
23.58 0.200
23.60 0.200
23.62 0.200
23.64 0.200
23.66 0.200
23.68 0.200
23.70 0.200
23.72 0.200
23.74 0.200
23.76 0.200
23.78 0.200
23.80 0.200
23.82 0.200
23.84 0.200
23.86 0.200
23.88 0.200
23.90 0.200
23.92 0.200
23.94 0.200
23.96 0.200
23.98 0.200
24.00 0.200
24.02 0.200
24.04 0.200
24.06 0.200
24.08 0.200
24.10 0.200
24.12 0.200
24.14 0.200
24.16 0.200
24.18 0.200
24.20 0.200
24.22 0.200
24.24 0.200
24.26 0.200
24.28 0.200
24.30 0.200
24.32 0.200
24.34 0.200
24.36 0.200
24.38 0.200
24.40 0.200
24.42 0.200
24.44 0.200
24.46 0.200
24.48 0.200
24.50 0.200
24.52 0.200
24.54 0.200
24.56 0.200
24.58 0.200
24.60 0.200
24.62 0.200
24.64 0.200
24.66 0.200
24.68 0.200
24.70 0.200
24.72 0.200
24.74 0.200
24.76 0.200
24.78 0.200
24.80 0.200
24.82 0.200
24.84 0.200
24.86 0.200
24.88 0.200
24.90 0.200
24.92 0.200
24.94 0.200
24.96 0.200
24.98 0.200
25.00 0.200
25.02 0.200
25.04 0.200
25.06 0.200
25.08 0.200
25.10 0.200
25.12 0.200
25.14 0.200
25.16 0.200
25.18 0.200
25.20 0.200
25.22 0.200
25.24 0.200
25.26 0.200
25.28 0.200
25.30 0.200
25.32 0.200
25.34 0.200
25.36 0.200
25.38 0.200
25.40 0.200
25.42 0.200
25.44 0.200
25.46 0.200
25.48 0.200
25.50 0.200
25.52 0.200
25.54 0.200
25.56 0.200
25.58 0.200
25.60 0.200
25.62 0.200
25.64 0.200
25.66 0.200
25.68 0.200
25.70 0.200
25.72 0.200
25.74 0.200
25.76 0.200
25.78 0.200
25.80 0.200
25.82 0.200
25.84 0.200
25.86 0.200
25.88 0.200
25.90 0.200
25.92 0.200
25.94 0.200
25.96 0.200
25.98 0.200
26.00 0.200
26.02 0.200
26.04 0.200
26.06 0.200
26.08 0.200
26.10 0.200
26.12 0.200
26.14 0.200
26.16 0.200
26.18 0.200
26.20 0.200
26.22 0.200
26.24 0.200
26.26 0.200
26.28 0.200
26.30 0.200
26.32 0.200
26.34 0.200
26.36 0.200
26.38 0.200
26.40 0.200
26.42 0.200
26.44 0.200
26.46 0.200
26.48 0.200
26.50 0.200
26.52 0.200
26.54 0.200
26.56 0.200
26.58 0.200
26.60 0.200
26.62 0.200
26.64 0.200
26.66 0.200
26.68 0.200
26.70 0.200
26.72 0.200
26.74 0.200
26.76 0.200
26.78 0.200
26.80 0.200
26.82 0.200
26.84 0.200
26.86 0.200
26.88 0.200
26.90 0.200
26.92 0.200
26.94 0.200
26.96 0.200
26.98 0.200
27.00 0.200
27.02 0.200
27.04 0.200
27.06 0.200
27.08 0.200
27.10 0.200
27.12 0.200
27.14 0.200
27.16 0.200
27.18 0.200
27.20 0.200
27.22 0.200
27.24 0.200
27.26 0.200
27.28 0.200
27.30 0.200
27.32 0.200
27.34 0.200
27.36 0.200
27.38 0.200
27.40 0.200
27.42 0.200
27.44 0.200
27.46 0.200
27.48 0.200
27.50 0.200
27.52 0.200
27.54 0.200
27.56 0.200
27.58 0.200
27.60 0.200
27.62 0.200
27.64 0.200
27.66 0.200
27.68 0.200
27.70 0.200
27.72 0.200
27.74 0.200
27.76 0.200
27.78 0.200
27.80 0.200
27.82 0.200
27.84 0.200
27.86 0.200
27.88 0.200
27.90 0.200
27.92 0.200
27.94 0.200
27.96 0.200
27.98 0.200
28.00 0.200
28.02 0.200
28.04 0.200
28.06 0.200
28.08 0.200
28.10 0.200
28.12 0.200
28.14 0.200
28.16 0.200
28.18 0.200
28.20 0.200
28.22 0.200
28.24 0.200
28.26 0.200
28.28 0.200
28.30 0.200
28.32 0.200
28.34 0.200
28.36 0.200
28.38 0.200
28.40 0.200
28.42 0.200
28.44 0.200
28.46 0.200
28.48 0.200
28.50 0.200
28.52 0.200
28.54 0.200
28.56 0.200
28.58 0.200
28.60 0.200
28.62 0.200
28.64 0.200
28.66 0.200
28.68 0.200
28.70 0.200
28.72 0.200
28.74 0.200
28.76 0.200
28.78 0.200
28.80 0.200
28.82 0.200
28.84 0.200
28.86 0.200
28.88 0.200
28.90 0.200
28.92 0.200
28.94 0.200
28.96 0.200
28.98 0.200
29.00 0.200
29.02 0.200
29.04 0.200
29.06 0.200
29.08 0.200
29.10 0.200
29.12 0.200
29.14 0.200
29.16 0.200
29.18 0.200
29.20 0.200
29.22 0.200
29.24 0.200
29.26 0.200
29.28 0.200
29.30 0.200
29.32 0.200
29.34 0.200
29.36 0.200
29.38 0.200
29.40 0.200
29.42 0.200
29.44 0.200
29.46 0.200
29.48 0.200
29.50 0.200
29.52 0.200
29.54 0.200
29.56 0.200
29.58 0.200
29.60 0.200
29.62 0.200
29.64 0.200
29.66 0.200
29.68 0.200
29.70 0.200
29.72 0.200
29.74 0.200
29.76 0.200
29.78 0.200
29.80 0.200
29.82 0.200
29.84 0.200
29.86 0.200
29.88 0.200
29.90 0.200
29.92 0.200
29.94 0.200
29.96 0.200
29.98 0.200
30.00 0.900
30.02 0.900
30.04 0.900
30.06 0.900
30.08 0.900
30.10 0.900
30.12 0.900
30.14 0.900
30.16 0.900
30.18 0.900
30.20 0.900
30.22 0.900
30.24 0.900
30.26 0.900
30.28 0.900
30.30 0.900
30.32 0.900
30.34 0.900
30.36 0.900
30.38 0.900
30.40 0.900
30.42 0.900
30.44 0.900
30.46 0.900
30.48 0.900
30.50 0.900
30.52 0.900
30.54 0.900
30.56 0.900
30.58 0.900
30.60 0.900
30.62 0.900
30.64 0.900
30.66 0.900
30.68 0.900
30.70 0.900
30.72 0.900
30.74 0.900
30.76 0.900
30.78 0.900
30.80 0.900
30.82 0.900
30.84 0.900
30.86 0.900
30.88 0.900
30.90 0.900
30.92 0.900
30.94 0.900
30.96 0.900
30.98 0.900
31.00 0.900
31.02 0.900
31.04 0.900
31.06 0.900
31.08 0.900
31.10 0.900
31.12 0.900
31.14 0.900
31.16 0.900
31.18 0.900
31.20 0.900
31.22 0.900
31.24 0.900
31.26 0.900
31.28 0.900
31.30 0.900
31.32 0.900
31.34 0.900
31.36 0.900
31.38 0.900
31.40 0.900
31.42 0.900
31.44 0.900
31.46 0.900
31.48 0.900
31.50 0.900
31.52 0.900
31.54 0.900
31.56 0.900
31.58 0.900
31.60 0.900
31.62 0.900
31.64 0.900
31.66 0.900
31.68 0.900
31.70 0.900
31.72 0.900
31.74 0.900
31.76 0.900
31.78 0.900
31.80 0.900
31.82 0.900
31.84 0.900
31.86 0.900
31.88 0.900
31.90 0.900
31.92 0.900
31.94 0.900
31.96 0.900
31.98 0.900
32.00 0.900
32.02 0.900
32.04 0.900
32.06 0.900
32.08 0.900
32.10 0.900
32.12 0.900
32.14 0.900
32.16 0.900
32.18 0.900
32.20 0.900
32.22 0.900
32.24 0.900
32.26 0.900
32.28 0.900
32.30 0.900
32.32 0.900
32.34 0.900
32.36 0.900
32.38 0.900
32.40 0.900
32.42 0.900
32.44 0.900
32.46 0.900
32.48 0.900
32.50 0.900
32.52 0.900
32.54 0.900
32.56 0.900
32.58 0.900
32.60 0.900
32.62 0.900
32.64 0.900
32.66 0.900
32.68 0.900
32.70 0.900
32.72 0.900
32.74 0.900
32.76 0.900
32.78 0.900
32.80 0.900
32.82 0.900
32.84 0.900
32.86 0.900
32.88 0.900
32.90 0.900
32.92 0.900
32.94 0.900
32.96 0.900
32.98 0.900
33.00 0.900
33.02 0.900
33.04 0.900
33.06 0.900
33.08 0.900
33.10 0.900
33.12 0.900
33.14 0.900
33.16 0.900
33.18 0.900
33.20 0.900
33.22 0.900
33.24 0.900
33.26 0.900
33.28 0.900
33.30 0.900
33.32 0.900
33.34 0.900
33.36 0.900
33.38 0.900
33.40 0.900
33.42 0.900
33.44 0.900
33.46 0.900
33.48 0.900
33.50 0.900
33.52 0.900
33.54 0.900
33.56 0.900
33.58 0.900
33.60 0.900
33.62 0.900
33.64 0.900
33.66 0.900
33.68 0.900
33.70 0.900
33.72 0.900
33.74 0.900
33.76 0.900
33.78 0.900
33.80 0.900
33.82 0.900
33.84 0.900
33.86 0.900
33.88 0.900
33.90 0.900
33.92 0.900
33.94 0.900
33.96 0.900
33.98 0.900
34.00 0.900
34.02 0.900
34.04 0.900
34.06 0.900
34.08 0.900
34.10 0.900
34.12 0.900
34.14 0.900
34.16 0.900
34.18 0.900
34.20 0.900
34.22 0.900
34.24 0.900
34.26 0.900
34.28 0.900
34.30 0.900
34.32 0.900
34.34 0.900
34.36 0.900
34.38 0.900
34.40 0.900
34.42 0.900
34.44 0.900
34.46 0.900
34.48 0.900
34.50 0.900
34.52 0.900
34.54 0.900
34.56 0.900
34.58 0.900
34.60 0.900
34.62 0.900
34.64 0.900
34.66 0.900
34.68 0.900
34.70 0.900
34.72 0.900
34.74 0.900
34.76 0.900
34.78 0.900
34.80 0.900
34.82 0.900
34.84 0.900
34.86 0.900
34.88 0.900
34.90 0.900
34.92 0.900
34.94 0.900
34.96 0.900
34.98 0.900
35.00 0.900
35.02 0.900
35.04 0.900
35.06 0.900
35.08 0.900
35.10 0.900
35.12 0.900
35.14 0.900
35.16 0.900
35.18 0.900
35.20 0.900
35.22 0.900
35.24 0.900
35.26 0.900
35.28 0.900
35.30 0.900
35.32 0.900
35.34 0.900
35.36 0.900
35.38 0.900
35.40 0.900
35.42 0.900
35.44 0.900
35.46 0.900
35.48 0.900
35.50 0.900
35.52 0.900
35.54 0.900
35.56 0.900
35.58 0.900
35.60 0.900
35.62 0.900
35.64 0.900
35.66 0.900
35.68 0.900
35.70 0.900
35.72 0.900
35.74 0.900
35.76 0.900
35.78 0.900
35.80 0.900
35.82 0.900
35.84 0.900
35.86 0.900
35.88 0.900
35.90 0.900
35.92 0.900
35.94 0.900
35.96 0.900
35.98 0.900
36.00 0.900
36.02 0.900
36.04 0.900
36.06 0.900
36.08 0.900
36.10 0.900
36.12 0.900
36.14 0.900
36.16 0.900
36.18 0.900
36.20 0.900
36.22 0.900
36.24 0.900
36.26 0.900
36.28 0.900
36.30 0.900
36.32 0.900
36.34 0.900
36.36 0.900
36.38 0.900
36.40 0.900
36.42 0.900
36.44 0.900
36.46 0.900
36.48 0.900
36.50 0.900
36.52 0.900
36.54 0.900
36.56 0.900
36.58 0.900
36.60 0.900
36.62 0.900
36.64 0.900
36.66 0.900
36.68 0.900
36.70 0.900
36.72 0.900
36.74 0.900
36.76 0.900
36.78 0.900
36.80 0.900
36.82 0.900
36.84 0.900
36.86 0.900
36.88 0.900
36.90 0.900
36.92 0.900
36.94 0.900
36.96 0.900
36.98 0.900
37.00 0.900
37.02 0.900
37.04 0.900
37.06 0.900
37.08 0.900
37.10 0.900
37.12 0.900
37.14 0.900
37.16 0.900
37.18 0.900
37.20 0.900
37.22 0.900
37.24 0.900
37.26 0.900
37.28 0.900
37.30 0.900
37.32 0.900
37.34 0.900
37.36 0.900
37.38 0.900
37.40 0.900
37.42 0.900
37.44 0.900
37.46 0.900
37.48 0.900
37.50 0.900
37.52 0.900
37.54 0.900
37.56 0.900
37.58 0.900
37.60 0.900
37.62 0.900
37.64 0.900
37.66 0.900
37.68 0.900
37.70 0.900
37.72 0.900
37.74 0.900
37.76 0.900
37.78 0.900
37.80 0.900
37.82 0.900
37.84 0.900
37.86 0.900
37.88 0.900
37.90 0.900
37.92 0.900
37.94 0.900
37.96 0.900
37.98 0.900
38.00 0.900
38.02 0.900
38.04 0.900
38.06 0.900
38.08 0.900
38.10 0.900
38.12 0.900
38.14 0.900
38.16 0.900
38.18 0.900
38.20 0.900
38.22 0.900
38.24 0.900
38.26 0.900
38.28 0.900
38.30 0.900
38.32 0.900
38.34 0.900
38.36 0.900
38.38 0.900
38.40 0.900
38.42 0.900
38.44 0.900
38.46 0.900
38.48 0.900
38.50 0.900
38.52 0.900
38.54 0.900
38.56 0.900
38.58 0.900
38.60 0.900
38.62 0.900
38.64 0.900
38.66 0.900
38.68 0.900
38.70 0.900
38.72 0.900
38.74 0.900
38.76 0.900
38.78 0.900
38.80 0.900
38.82 0.900
38.84 0.900
38.86 0.900
38.88 0.900
38.90 0.900
38.92 0.900
38.94 0.900
38.96 0.900
38.98 0.900
39.00 0.900
39.02 0.900
39.04 0.900
39.06 0.900
39.08 0.900
39.10 0.900
39.12 0.900
39.14 0.900
39.16 0.900
39.18 0.900
39.20 0.900
39.22 0.900
39.24 0.900
39.26 0.900
39.28 0.900
39.30 0.900
39.32 0.900
39.34 0.900
39.36 0.900
39.38 0.900
39.40 0.900
39.42 0.900
39.44 0.900
39.46 0.900
39.48 0.900
39.50 0.900
39.52 0.900
39.54 0.900
39.56 0.900
39.58 0.900
39.60 0.900
39.62 0.900
39.64 0.900
39.66 0.900
39.68 0.900
39.70 0.900
39.72 0.900
39.74 0.900
39.76 0.900
39.78 0.900
39.80 0.900
39.82 0.900
39.84 0.900
39.86 0.900
39.88 0.900
39.90 0.900
39.92 0.900
39.94 0.900
39.96 0.900
39.98 0.900
40.00 0.900
40.02 0.200
40.04 0.200
40.06 0.200
40.08 0.200
40.10 0.200
40.12 0.200
40.14 0.200
40.16 0.200
40.18 0.200
40.20 0.200
40.22 0.200
40.24 0.200
40.26 0.200
40.28 0.200
40.30 0.200
40.32 0.200
40.34 0.200
40.36 0.200
40.38 0.200
40.40 0.200
40.42 0.200
40.44 0.200
40.46 0.200
40.48 0.200
40.50 0.200
40.52 0.200
40.54 0.200
40.56 0.200
40.58 0.200
40.60 0.200
40.62 0.200
40.64 0.200
40.66 0.200
40.68 0.200
40.70 0.200
40.72 0.200
40.74 0.200
40.76 0.200
40.78 0.200
40.80 0.200
40.82 0.200
40.84 0.200
40.86 0.200
40.88 0.200
40.90 0.200
40.92 0.200
40.94 0.200
40.96 0.200
40.98 0.200
41.00 0.200
41.02 0.200
41.04 0.200
41.06 0.200
41.08 0.200
41.10 0.200
41.12 0.200
41.14 0.200
41.16 0.200
41.18 0.200
41.20 0.200
41.22 0.200
41.24 0.200
41.26 0.200
41.28 0.200
41.30 0.200
41.32 0.200
41.34 0.200
41.36 0.200
41.38 0.200
41.40 0.200
41.42 0.200
41.44 0.200
41.46 0.200
41.48 0.200
41.50 0.200
41.52 0.200
41.54 0.200
41.56 0.200
41.58 0.200
41.60 0.200
41.62 0.200
41.64 0.200
41.66 0.200
41.68 0.200
41.70 0.200
41.72 0.200
41.74 0.200
41.76 0.200
41.78 0.200
41.80 0.200
41.82 0.200
41.84 0.200
41.86 0.200
41.88 0.200
41.90 0.200
41.92 0.200
41.94 0.200
41.96 0.200
41.98 0.200
42.00 0.200
42.02 0.200
42.04 0.200
42.06 0.200
42.08 0.200
42.10 0.200
42.12 0.200
42.14 0.200
42.16 0.200
42.18 0.200
42.20 0.200
42.22 0.200
42.24 0.200
42.26 0.200
42.28 0.200
42.30 0.200
42.32 0.200
42.34 0.200
42.36 0.200
42.38 0.200
42.40 0.200
42.42 0.200
42.44 0.200
42.46 0.200
42.48 0.200
42.50 0.200
42.52 0.200
42.54 0.200
42.56 0.200
42.58 0.200
42.60 0.200
42.62 0.200
42.64 0.200
42.66 0.200
42.68 0.200
42.70 0.200
42.72 0.200
42.74 0.200
42.76 0.200
42.78 0.200
42.80 0.200
42.82 0.200
42.84 0.200
42.86 0.200
42.88 0.200
42.90 0.200
42.92 0.200
42.94 0.200
42.96 0.200
42.98 0.200
43.00 0.200
43.02 0.200
43.04 0.200
43.06 0.200
43.08 0.200
43.10 0.200
43.12 0.200
43.14 0.200
43.16 0.200
43.18 0.200
43.20 0.200
43.22 0.200
43.24 0.200
43.26 0.200
43.28 0.200
43.30 0.200
43.32 0.200
43.34 0.200
43.36 0.200
43.38 0.200
43.40 0.200
43.42 0.200
43.44 0.200
43.46 0.200
43.48 0.200
43.50 0.200
43.52 0.200
43.54 0.200
43.56 0.200
43.58 0.200
43.60 0.200
43.62 0.200
43.64 0.200
43.66 0.200
43.68 0.200
43.70 0.200
43.72 0.200
43.74 0.200
43.76 0.200
43.78 0.200
43.80 0.200
43.82 0.200
43.84 0.200
43.86 0.200
43.88 0.200
43.90 0.200
43.92 0.200
43.94 0.200
43.96 0.200
43.98 0.200
44.00 0.200
44.02 0.200
44.04 0.200
44.06 0.200
44.08 0.200
44.10 0.200
44.12 0.200
44.14 0.200
44.16 0.200
44.18 0.200
44.20 0.200
44.22 0.200
44.24 0.200
44.26 0.200
44.28 0.200
44.30 0.200
44.32 0.200
44.34 0.200
44.36 0.200
44.38 0.200
44.40 0.200
44.42 0.200
44.44 0.200
44.46 0.200
44.48 0.200
44.50 0.200
44.52 0.200
44.54 0.200
44.56 0.200
44.58 0.200
44.60 0.200
44.62 0.200
44.64 0.200
44.66 0.200
44.68 0.200
44.70 0.200
44.72 0.200
44.74 0.200
44.76 0.200
44.78 0.200
44.80 0.200
44.82 0.200
44.84 0.200
44.86 0.200
44.88 0.200
44.90 0.200
44.92 0.200
44.94 0.200
44.96 0.200
44.98 0.200
45.00 0.900
45.02 0.900
45.04 0.900
45.06 0.900
45.08 0.900
45.10 0.900
45.12 0.900
45.14 0.900
45.16 0.900
45.18 0.900
45.20 0.900
45.22 0.900
45.24 0.900
45.26 0.900
45.28 0.900
45.30 0.900
45.32 0.900
45.34 0.900
45.36 0.900
45.38 0.900
45.40 0.900
45.42 0.900
45.44 0.900
45.46 0.900
45.48 0.900
45.50 0.900
45.52 0.900
45.54 0.900
45.56 0.900
45.58 0.900
45.60 0.900
45.62 0.900
45.64 0.900
45.66 0.900
45.68 0.900
45.70 0.900
45.72 0.900
45.74 0.900
45.76 0.900
45.78 0.900
45.80 0.900
45.82 0.900
45.84 0.900
45.86 0.900
45.88 0.900
45.90 0.900
45.92 0.900
45.94 0.900
45.96 0.900
45.98 0.900
46.00 0.900
46.02 0.900
46.04 0.900
46.06 0.900
46.08 0.900
46.10 0.900
46.12 0.900
46.14 0.900
46.16 0.900
46.18 0.900
46.20 0.900
46.22 0.900
46.24 0.900
46.26 0.900
46.28 0.900
46.30 0.900
46.32 0.900
46.34 0.900
46.36 0.900
46.38 0.900
46.40 0.900
46.42 0.900
46.44 0.900
46.46 0.900
46.48 0.900
46.50 0.900
46.52 0.900
46.54 0.900
46.56 0.900
46.58 0.900
46.60 0.900
46.62 0.900
46.64 0.900
46.66 0.900
46.68 0.900
46.70 0.900
46.72 0.900
46.74 0.900
46.76 0.900
46.78 0.900
46.80 0.900
46.82 0.900
46.84 0.900
46.86 0.900
46.88 0.900
46.90 0.900
46.92 0.900
46.94 0.900
46.96 0.900
46.98 0.900
47.00 0.900
47.02 0.900
47.04 0.900
47.06 0.900
47.08 0.900
47.10 0.900
47.12 0.900
47.14 0.900
47.16 0.900
47.18 0.900
47.20 0.900
47.22 0.900
47.24 0.900
47.26 0.900
47.28 0.900
47.30 0.900
47.32 0.900
47.34 0.900
47.36 0.900
47.38 0.900
47.40 0.900
47.42 0.900
47.44 0.900
47.46 0.900
47.48 0.900
47.50 0.900
47.52 0.900
47.54 0.900
47.56 0.900
47.58 0.900
47.60 0.900
47.62 0.900
47.64 0.900
47.66 0.900
47.68 0.900
47.70 0.900
47.72 0.900
47.74 0.900
47.76 0.900
47.78 0.900
47.80 0.900
47.82 0.900
47.84 0.900
47.86 0.900
47.88 0.900
47.90 0.900
47.92 0.900
47.94 0.900
47.96 0.900
47.98 0.900
48.00 0.900
48.02 0.900
48.04 0.900
48.06 0.900
48.08 0.900
48.10 0.900
48.12 0.900
48.14 0.900
48.16 0.900
48.18 0.900
48.20 0.900
48.22 0.900
48.24 0.900
48.26 0.900
48.28 0.900
48.30 0.900
48.32 0.900
48.34 0.900
48.36 0.900
48.38 0.900
48.40 0.900
48.42 0.900
48.44 0.900
48.46 0.900
48.48 0.900
48.50 0.900
48.52 0.900
48.54 0.900
48.56 0.900
48.58 0.900
48.60 0.900
48.62 0.900
48.64 0.900
48.66 0.900
48.68 0.900
48.70 0.900
48.72 0.900
48.74 0.900
48.76 0.900
48.78 0.900
48.80 0.900
48.82 0.900
48.84 0.900
48.86 0.900
48.88 0.900
48.90 0.900
48.92 0.900
48.94 0.900
48.96 0.900
48.98 0.900
49.00 0.900
49.02 0.900
49.04 0.900
49.06 0.900
49.08 0.900
49.10 0.900
49.12 0.900
49.14 0.900
49.16 0.900
49.18 0.900
49.20 0.900
49.22 0.900
49.24 0.900
49.26 0.900
49.28 0.900
49.30 0.900
49.32 0.900
49.34 0.900
49.36 0.900
49.38 0.900
49.40 0.900
49.42 0.900
49.44 0.900
49.46 0.900
49.48 0.900
49.50 0.900
49.52 0.900
49.54 0.900
49.56 0.900
49.58 0.900
49.60 0.900
49.62 0.900
49.64 0.900
49.66 0.900
49.68 0.900
49.70 0.900
49.72 0.900
49.74 0.900
49.76 0.900
49.78 0.900
49.80 0.900
49.82 0.900
49.84 0.900
49.86 0.900
49.88 0.900
49.90 0.900
49.92 0.900
49.94 0.900
49.96 0.900
49.98 0.900
50.00 0.900
50.02 0.900
50.04 0.900
50.06 0.900
50.08 0.900
50.10 0.900
50.12 0.900
50.14 0.900
50.16 0.900
50.18 0.900
50.20 0.900
50.22 0.900
50.24 0.900
50.26 0.900
50.28 0.900
50.30 0.900
50.32 0.900
50.34 0.900
50.36 0.900
50.38 0.900
50.40 0.900
50.42 0.900
50.44 0.900
50.46 0.900
50.48 0.900
50.50 0.900
50.52 0.900
50.54 0.900
50.56 0.900
50.58 0.900
50.60 0.900
50.62 0.900
50.64 0.900
50.66 0.900
50.68 0.900
50.70 0.900
50.72 0.900
50.74 0.900
50.76 0.900
50.78 0.900
50.80 0.900
50.82 0.900
50.84 0.900
50.86 0.900
50.88 0.900
50.90 0.900
50.92 0.900
50.94 0.900
50.96 0.900
50.98 0.900
51.00 0.900
51.02 0.900
51.04 0.900
51.06 0.900
51.08 0.900
51.10 0.900
51.12 0.900
51.14 0.900
51.16 0.900
51.18 0.900
51.20 0.900
51.22 0.900
51.24 0.900
51.26 0.900
51.28 0.900
51.30 0.900
51.32 0.900
51.34 0.900
51.36 0.900
51.38 0.900
51.40 0.900
51.42 0.900
51.44 0.900
51.46 0.900
51.48 0.900
51.50 0.900
51.52 0.900
51.54 0.900
51.56 0.900
51.58 0.900
51.60 0.900
51.62 0.900
51.64 0.900
51.66 0.900
51.68 0.900
51.70 0.900
51.72 0.900
51.74 0.900
51.76 0.900
51.78 0.900
51.80 0.900
51.82 0.900
51.84 0.900
51.86 0.900
51.88 0.900
51.90 0.900
51.92 0.900
51.94 0.900
51.96 0.900
51.98 0.900
52.00 0.900
52.02 0.900
52.04 0.900
52.06 0.900
52.08 0.900
52.10 0.900
52.12 0.900
52.14 0.900
52.16 0.900
52.18 0.900
52.20 0.900
52.22 0.900
52.24 0.900
52.26 0.900
52.28 0.900
52.30 0.900
52.32 0.900
52.34 0.900
52.36 0.900
52.38 0.900
52.40 0.900
52.42 0.900
52.44 0.900
52.46 0.900
52.48 0.900
52.50 0.900
52.52 0.900
52.54 0.900
52.56 0.900
52.58 0.900
52.60 0.900
52.62 0.900
52.64 0.900
52.66 0.900
52.68 0.900
52.70 0.900
52.72 0.900
52.74 0.900
52.76 0.900
52.78 0.900
52.80 0.900
52.82 0.900
52.84 0.900
52.86 0.900
52.88 0.900
52.90 0.900
52.92 0.900
52.94 0.900
52.96 0.900
52.98 0.900
53.00 0.900
53.02 0.900
53.04 0.900
53.06 0.900
53.08 0.900
53.10 0.900
53.12 0.900
53.14 0.900
53.16 0.900
53.18 0.900
53.20 0.900
53.22 0.900
53.24 0.900
53.26 0.900
53.28 0.900
53.30 0.900
53.32 0.900
53.34 0.900
53.36 0.900
53.38 0.900
53.40 0.900
53.42 0.900
53.44 0.900
53.46 0.900
53.48 0.900
53.50 0.900
53.52 0.900
53.54 0.900
53.56 0.900
53.58 0.900
53.60 0.900
53.62 0.900
53.64 0.900
53.66 0.900
53.68 0.900
53.70 0.900
53.72 0.900
53.74 0.900
53.76 0.900
53.78 0.900
53.80 0.900
53.82 0.900
53.84 0.900
53.86 0.900
53.88 0.900
53.90 0.900
53.92 0.900
53.94 0.900
53.96 0.900
53.98 0.900
54.00 0.900
54.02 0.900
54.04 0.900
54.06 0.900
54.08 0.900
54.10 0.900
54.12 0.900
54.14 0.900
54.16 0.900
54.18 0.900
54.20 0.900
54.22 0.900
54.24 0.900
54.26 0.900
54.28 0.900
54.30 0.900
54.32 0.900
54.34 0.900
54.36 0.900
54.38 0.900
54.40 0.900
54.42 0.900
54.44 0.900
54.46 0.900
54.48 0.900
54.50 0.900
54.52 0.900
54.54 0.900
54.56 0.900
54.58 0.900
54.60 0.900
54.62 0.900
54.64 0.900
54.66 0.900
54.68 0.900
54.70 0.900
54.72 0.900
54.74 0.900
54.76 0.900
54.78 0.900
54.80 0.900
54.82 0.900
54.84 0.900
54.86 0.900
54.88 0.900
54.90 0.900
54.92 0.900
54.94 0.900
54.96 0.900
54.98 0.900
55.00 0.900
55.02 0.200
55.04 0.200
55.06 0.200
55.08 0.200
55.10 0.200
55.12 0.200
55.14 0.200
55.16 0.200
55.18 0.200
55.20 0.200
55.22 0.200
55.24 0.200
55.26 0.200
55.28 0.200
55.30 0.200
55.32 0.200
55.34 0.200
55.36 0.200
55.38 0.200
55.40 0.200
55.42 0.200
55.44 0.200
55.46 0.200
55.48 0.200
55.50 0.200
55.52 0.200
55.54 0.200
55.56 0.200
55.58 0.200
55.60 0.200
55.62 0.200
55.64 0.200
55.66 0.200
55.68 0.200
55.70 0.200
55.72 0.200
55.74 0.200
55.76 0.200
55.78 0.200
55.80 0.200
55.82 0.200
55.84 0.200
55.86 0.200
55.88 0.200
55.90 0.200
55.92 0.200
55.94 0.200
55.96 0.200
55.98 0.200
56.00 0.200
56.02 0.200
56.04 0.200
56.06 0.200
56.08 0.200
56.10 0.200
56.12 0.200
56.14 0.200
56.16 0.200
56.18 0.200
56.20 0.200
56.22 0.200
56.24 0.200
56.26 0.200
56.28 0.200
56.30 0.200
56.32 0.200
56.34 0.200
56.36 0.200
56.38 0.200
56.40 0.200
56.42 0.200
56.44 0.200
56.46 0.200
56.48 0.200
56.50 0.200
56.52 0.200
56.54 0.200
56.56 0.200
56.58 0.200
56.60 0.200
56.62 0.200
56.64 0.200
56.66 0.200
56.68 0.200
56.70 0.200
56.72 0.200
56.74 0.200
56.76 0.200
56.78 0.200
56.80 0.200
56.82 0.200
56.84 0.200
56.86 0.200
56.88 0.200
56.90 0.200
56.92 0.200
56.94 0.200
56.96 0.200
56.98 0.200
57.00 0.200
57.02 0.200
57.04 0.200
57.06 0.200
57.08 0.200
57.10 0.200
57.12 0.200
57.14 0.200
57.16 0.200
57.18 0.200
57.20 0.200
57.22 0.200
57.24 0.200
57.26 0.200
57.28 0.200
57.30 0.200
57.32 0.200
57.34 0.200
57.36 0.200
57.38 0.200
57.40 0.200
57.42 0.200
57.44 0.200
57.46 0.200
57.48 0.200
57.50 0.200
57.52 0.200
57.54 0.200
57.56 0.200
57.58 0.200
57.60 0.200
57.62 0.200
57.64 0.200
57.66 0.200
57.68 0.200
57.70 0.200
57.72 0.200
57.74 0.200
57.76 0.200
57.78 0.200
57.80 0.200
57.82 0.200
57.84 0.200
57.86 0.200
57.88 0.200
57.90 0.200
57.92 0.200
57.94 0.200
57.96 0.200
57.98 0.200
58.00 0.200
58.02 0.200
58.04 0.200
58.06 0.200
58.08 0.200
58.10 0.200
58.12 0.200
58.14 0.200
58.16 0.200
58.18 0.200
58.20 0.200
58.22 0.200
58.24 0.200
58.26 0.200
58.28 0.200
58.30 0.200
58.32 0.200
58.34 0.200
58.36 0.200
58.38 0.200
58.40 0.200
58.42 0.200
58.44 0.200
58.46 0.200
58.48 0.200
58.50 0.200
58.52 0.200
58.54 0.200
58.56 0.200
58.58 0.200
58.60 0.200
58.62 0.200
58.64 0.200
58.66 0.200
58.68 0.200
58.70 0.200
58.72 0.200
58.74 0.200
58.76 0.200
58.78 0.200
58.80 0.200
58.82 0.200
58.84 0.200
58.86 0.200
58.88 0.200
58.90 0.200
58.92 0.200
58.94 0.200
58.96 0.200
58.98 0.200
59.00 0.200
59.02 0.200
59.04 0.200
59.06 0.200
59.08 0.200
59.10 0.200
59.12 0.200
59.14 0.200
59.16 0.200
59.18 0.200
59.20 0.200
59.22 0.200
59.24 0.200
59.26 0.200
59.28 0.200
59.30 0.200
59.32 0.200
59.34 0.200
59.36 0.200
59.38 0.200
59.40 0.200
59.42 0.200
59.44 0.200
59.46 0.200
59.48 0.200
59.50 0.200
59.52 0.200
59.54 0.200
59.56 0.200
59.58 0.200
59.60 0.200
59.62 0.200
59.64 0.200
59.66 0.200
59.68 0.200
59.70 0.200
59.72 0.200
59.74 0.200
59.76 0.200
59.78 0.200
59.80 0.200
59.82 0.200
59.84 0.200
59.86 0.200
59.88 0.200
59.90 0.200
59.92 0.200
59.94 0.200
59.96 0.200
59.98 0.200
